"('Cordoba', 23258, 'LA PENCA', 5231, 14)","('Cordoba', 16240, 'LA PAZ', 5879, 14)","('Cordoba', 25275, 'LA PAZ', 5117, 14)","('Cordoba', 24772, 'LA PENCA', 6279, 14)","('Cordoba', 24774, 'LA PERLITA', 6271, 14)","('Cordoba', 16099, 'LA PLAYOSA', 5911, 14)","('Cordoba', 25637, 'LA PIEDRA MOVEDIZA', 5184, 14)","('Cordoba', 23261, 'LA PINTADA', 5248, 14)","('Cordoba', 25525, 'LA PINTADA', 5271, 14)","('Cordoba', 24601, 'LA POBLACION', 5875, 14)","('Cordoba', 25668, 'LA PATRIA', 5871, 14)","('Cordoba', 25109, 'LA PLAZA', 5244, 14)","('Cordoba', 23260, 'LA PIEDRA BLANCA', 5246, 14)","('Cordoba', 25527, 'LA PLAYA', 5285, 14)","('Cordoba', 25631, 'LA MUDANA', 5299, 14)","('Cordoba', 16369, 'LA PAQUITA', 2417, 14)","('Cordoba', 24514, 'LA MESILLA', 5285, 14)","('Cordoba', 25056, 'LA MESADA', 5200, 14)","('Cordoba', 22433, 'LA MERCANTIL', 5841, 14)","('Cordoba', 24823, 'LA POBLADORA', 5945, 14)","('Cordoba', 24822, 'LA MILKA', 2400, 14)","('Cordoba', 22813, 'LA MOSTAZA', 5137, 14)","('Cordoba', 22437, 'LA MESADA', 5801, 14)","('Cordoba', 23254, 'LA MAZA', 5231, 14)","('Cordoba', 24771, 'LA NACIONAL', 6275, 14)","('Cordoba', 23255, 'LA OSCURIDAD', 5255, 14)","('Cordoba', 24967, 'LA PAISANITA', 5186, 14)","('Cordoba', 16098, 'LA PALESTINA', 5925, 14)","('Cordoba', 23257, 'LA PALMA', 5231, 14)","('Cordoba', 23829, 'LA PALMERINA', 5913, 14)","('Cordoba', 25274, 'LA PAMPA', 5117, 14)","('Cordoba', 16204, 'LA PARA', 5137, 14)","('Cordoba', 23191, 'LA PORFIA', 5119, 14)","('Cordoba', 25465, 'LA ROSARINA', 5951, 14)","('Cordoba', 22818, 'LA POSTA', 5227, 14)","('Cordoba', 23883, 'LA REDUCCION', 5105, 14)","('Cordoba', 24874, 'LA REINA', 5925, 14)","('Cordoba', 24825, 'LA REPRESA', 2436, 14)","('Cordoba', 23263, 'LA RINCONADA', 5233, 14)","('Cordoba', 23265, 'LA RINCONADA CANDELARIA', 5249, 14)","('Cordoba', 25059, 'LA RUDA', 5214, 14)","('Cordoba', 25399, 'LA REDUCCION', 2594, 14)","('Cordoba', 25061, 'LA SELVA', 5212, 14)","('Cordoba', 25670, 'LA TABLADA', 5299, 14)","('Cordoba', 24602, 'LA SIENA', 5875, 14)","('Cordoba', 24310, 'LA MAJADA', 5887, 14)","('Cordoba', 23267, 'LA SOLEDAD', 5249, 14)","('Cordoba', 22444, 'LA SIERRITA', 5813, 14)","('Cordoba', 25669, 'LA SIERRITA', 5297, 14)","('Cordoba', 16278, 'LA SERRANITA', 5189, 14)","('Cordoba', 23876, 'LA REDENCION', 5105, 14)","('Cordoba', 22441, 'LA RAMONCITA', 5813, 14)","('Cordoba', 25529, 'LA RAMADA', 6123, 14)","('Cordoba', 25113, 'LA POSTA CHUÃ‘AGUAS', 5201, 14)","('Cordoba', 24522, 'LA PRIMAVERA', 5139, 14)","('Cordoba', 25348, 'LA PROVIDENCIA', 5231, 14)","('Cordoba', 16065, 'LA PUERTA', 5101, 14)","('Cordoba', 16205, 'LA PUERTA', 5137, 14)","('Cordoba', 24527, 'LA PUERTA', 5281, 14)","('Cordoba', 25767, 'LA PUERTA VILLA DE SOTO', 5284, 14)","('Cordoba', 23872, 'LA QUEBRADA', 5107, 14)","('Cordoba', 25638, 'LA QUEBRADA', 5172, 14)","('Cordoba', 24315, 'LA QUEBRADA', 5297, 14)","('Cordoba', 22821, 'LA QUINTA', 5135, 14)","('Cordoba', 25118, 'LA QUINTA', 5209, 14)","('Cordoba', 24317, 'LA QUINTA', 5887, 14)","('Cordoba', 23262, 'LA QUINTANA', 5249, 14)","('Cordoba', 16241, 'LA RAMADA', 5875, 14)","('Cordoba', 25277, 'LA PORTEÃ‘A', 5221, 14)","('Cordoba', 25049, 'LA MAJADA', 5212, 14)","('Cordoba', 22313, 'LA COLORADA', 5831, 14)","('Cordoba', 24307, 'LA LINEA', 5871, 14)","('Cordoba', 23250, 'LA COSTA', 5249, 14)","('Cordoba', 25636, 'LA COSTA', 5282, 14)","('Cordoba', 24297, 'LA COSTA', 5885, 14)","('Cordoba', 23866, 'LA COTITA', 5220, 14)","('Cordoba', 23252, 'LA CRUZ', 5249, 14)","('Cordoba', 16038, 'LA CRUZ', 5859, 14)","('Cordoba', 25344, 'LA COSTA', 5244, 14)","('Cordoba', 16164, 'LA CUMBRE', 5178, 14)","('Cordoba', 22701, 'LA CUMBRECITA', 5194, 14)","('Cordoba', 24819, 'LA CURVA', 2434, 14)","('Cordoba', 25271, 'LA DORA', 5229, 14)","('Cordoba', 22316, 'LA DORMIDA', 5817, 14)","('Cordoba', 25107, 'LA ESPERANZA', 5209, 14)","('Cordoba', 25345, 'LA ESPERANZA', 5231, 14)","('Cordoba', 22315, 'LA CUMBRE', 5801, 14)","('Cordoba', 25625, 'LA ESQUINA', 5295, 14)","('Cordoba', 24293, 'LA CORTADERA', 5871, 14)","('Cordoba', 24288, 'LA CONCEPCION', 5870, 14)","('Cordoba', 16187, 'LA CAUTIVA', 6142, 14)","('Cordoba', 22798, 'LA CELINA', 5125, 14)","('Cordoba', 16148, 'LA CESIRA', 6101, 14)","('Cordoba', 25466, 'LA TIGRA', 5949, 14)","('Cordoba', 22695, 'LA CASCADA', 5854, 14)","('Cordoba', 25014, 'LA CHACRA', 5212, 14)","('Cordoba', 27648, 'LA CORTADERA', 2434, 14)","('Cordoba', 23249, 'LA CHICHARRA', 5249, 14)","('Cordoba', 22804, 'LA CIENAGA', 5133, 14)","('Cordoba', 24956, 'LA COCHA', 5101, 14)","('Cordoba', 24272, 'LA COCHA', 5893, 14)","('Cordoba', 25023, 'LA COLONIA', 5201, 14)","('Cordoba', 24279, 'LA COMPASION', 5871, 14)","('Cordoba', 27689, 'LA CONCEPCION', 5281, 14)","('Cordoba', 22698, 'LA CHOZA', 5196, 14)","('Cordoba', 22317, 'LA ESQUINA', 5801, 14)","('Cordoba', 25025, 'LA ESTACADA', 5212, 14)","('Cordoba', 23253, 'LA ESTANCIA', 5249, 14)","('Cordoba', 25346, 'LA HIGUERITA', 5244, 14)","('Cordoba', 22425, 'LA INVERNADA', 5801, 14)","('Cordoba', 25045, 'LA ISABELA', 5200, 14)","('Cordoba', 25055, 'LA ISLA', 5186, 14)","('Cordoba', 23820, 'LA ISLETA', 5963, 14)","('Cordoba', 24962, 'LA ISOLINA', 5186, 14)","('Cordoba', 25037, 'LA HIGUERITA', 5201, 14)","('Cordoba', 25464, 'LA ITALIANA', 2651, 14)","('Cordoba', 25347, 'LA LAGUNA', 5205, 14)","('Cordoba', 16077, 'LA LAGUNA', 5284, 14)","('Cordoba', 16097, 'LA LAGUNA', 5901, 14)","('Cordoba', 24964, 'LA LAGUNILLA', 5119, 14)","('Cordoba', 27643, 'LA LAGUNILLA', 5825, 14)","('Cordoba', 24508, 'LA LILIA', 5281, 14)","('Cordoba', 25628, 'LA JARILLA', 5871, 14)","('Cordoba', 16076, 'LA HIGUERA', 5285, 14)","('Cordoba', 24871, 'LA HERRADURA', 5900, 14)","('Cordoba', 24302, 'LA GUARDIA', 5891, 14)","('Cordoba', 25523, 'LA ESTANCIA', 5291, 14)","('Cordoba', 23869, 'LA ESTANCITA', 5111, 14)","('Cordoba', 22811, 'LA ESTRELLA', 5129, 14)","('Cordoba', 16165, 'LA FALDA', 5172, 14)","('Cordoba', 25031, 'LA FLORIDA', 5214, 14)","('Cordoba', 24488, 'LA FLORIDA', 5281, 14)","('Cordoba', 16408, 'LA FRANCIA', 2426, 14)","('Cordoba', 24496, 'LA FRONDA', 5282, 14)","('Cordoba', 24821, 'LA FRONTERA', 2433, 14)","('Cordoba', 24599, 'LA FUENTE', 5879, 14)","('Cordoba', 22608, 'LA GILDA', 5848, 14)","('Cordoba', 24502, 'LA GRAMILLA', 5282, 14)","('Cordoba', 24960, 'LA GRANADILLA', 5187, 14)","('Cordoba', 16064, 'LA GRANJA', 5115, 14)","('Cordoba', 27884, 'LA GRUTA', 5889, 14)","('Cordoba', 24768, 'LA LUZ', 6271, 14)","('Cordoba', 27685, 'LA TOMA', 5244, 14)","('Cordoba', 22510, 'LAS PEÃ‘AS', 5817, 14)","('Cordoba', 27883, 'LA TOMA', 5889, 14)","('Cordoba', 22706, 'LAS HIGUERITAS', 5199, 14)","('Cordoba', 22874, 'LAS HILERAS', 5137, 14)","('Cordoba', 25356, 'LAS HORQUETAS', 5244, 14)","('Cordoba', 25196, 'LAS ISLETILLAS', 5931, 14)","('Cordoba', 25131, 'LAS JARILLAS', 5209, 14)","('Cordoba', 27671, 'LAS JARILLAS', 5871, 14)","('Cordoba', 24976, 'LAS HIGUERITAS', 5186, 14)","('Cordoba', 25357, 'LAS JUNTAS', 5203, 14)","('Cordoba', 25467, 'LAS LAGUNITAS', 2568, 14)","('Cordoba', 25534, 'LAS LATAS', 5272, 14)","('Cordoba', 24552, 'LAS LOMAS', 5284, 14)","('Cordoba', 25076, 'LAS LOMITAS', 5212, 14)","('Cordoba', 25358, 'LAS LOMITAS', 5244, 14)","('Cordoba', 25079, 'LAS MANZANAS', 5212, 14)","('Cordoba', 16223, 'LAS JUNTURAS', 5965, 14)","('Cordoba', 25359, 'LAS MASITAS', 5231, 14)","('Cordoba', 22869, 'LAS HIGUERILLAS', 5131, 14)","('Cordoba', 22862, 'LAS HERAS', 5101, 14)","('Cordoba', 24875, 'LAS CUATRO ESQUINAS', 5900, 14)","('Cordoba', 24131, 'LAS CUSENADAS', 5109, 14)","('Cordoba', 24830, 'LAS DELICIAS', 2433, 14)","('Cordoba', 25074, 'LAS DELICIAS', 5212, 14)","('Cordoba', 24138, 'LAS ENCADENADAS', 5109, 14)","('Cordoba', 24609, 'LAS ENCRUCIJADAS', 5871, 14)","('Cordoba', 16189, 'LAS HIGUERAS', 5805, 14)","('Cordoba', 24329, 'LAS ENSENADAS', 5153, 14)","('Cordoba', 23286, 'LAS FLORES', 5249, 14)","('Cordoba', 22496, 'LAS GAMAS', 5819, 14)","('Cordoba', 25641, 'LAS GEMELAS', 5184, 14)","('Cordoba', 22855, 'LAS GRAMILLAS', 5135, 14)","('Cordoba', 23289, 'LAS GRAMILLAS', 5246, 14)","('Cordoba', 22501, 'LAS GUINDAS', 5801, 14)","('Cordoba', 22493, 'LAS ENSENADAS', 5825, 14)","('Cordoba', 23292, 'LAS MERCEDES', 5249, 14)","('Cordoba', 25468, 'LAS MERCEDITAS', 2572, 14)","('Cordoba', 24876, 'LAS MOJARRAS', 5909, 14)","('Cordoba', 25090, 'LAS PIEDRAS ANCHAS', 5212, 14)","('Cordoba', 24553, 'LAS PIEDRITAS', 5281, 14)","('Cordoba', 22887, 'LAS PIGUAS', 5129, 14)","('Cordoba', 25643, 'LAS PLAYAS', 5172, 14)","('Cordoba', 24554, 'LAS PLAYAS', 5285, 14)","('Cordoba', 24978, 'LAS PLAYAS LOZADA', 5101, 14)","('Cordoba', 24877, 'LAS PICHANAS', 5900, 14)","('Cordoba', 25361, 'LAS QUINTAS', 5244, 14)","('Cordoba', 25679, 'LAS ROSAS', 5295, 14)","('Cordoba', 16207, 'LAS SALADAS', 5137, 14)","('Cordoba', 25091, 'LAS SIERRAS', 5212, 14)","('Cordoba', 24556, 'LAS TAPIAS', 5281, 14)","('Cordoba', 22607, 'LA CAROLINA', 5841, 14)","('Cordoba', 22709, 'LAS SIERRITAS', 5199, 14)","('Cordoba', 24334, 'LAS RABONAS', 5885, 14)","('Cordoba', 16298, 'LAS PERDICES', 5921, 14)","('Cordoba', 25088, 'LAS PENCAS', 5200, 14)","('Cordoba', 22516, 'LAS PEÃ‘AS SUD', 5819, 14)","('Cordoba', 22505, 'LAS MORAS', 5801, 14)","('Cordoba', 25675, 'LAS OSCURAS', 5871, 14)","('Cordoba', 25469, 'LAS OVERIAS', 2559, 14)","('Cordoba', 25082, 'LAS PALMAS', 5201, 14)","('Cordoba', 25360, 'LAS PALMAS', 5231, 14)","('Cordoba', 25677, 'LAS PALMAS', 5299, 14)","('Cordoba', 25470, 'LAS PALMERAS', 2559, 14)","('Cordoba', 25084, 'LAS PALMITAS', 5221, 14)","('Cordoba', 22883, 'LAS PALMITAS', 5227, 14)","('Cordoba', 24332, 'LAS PALMITAS', 5889, 14)","('Cordoba', 24610, 'LAS PALOMAS', 5870, 14)","('Cordoba', 25086, 'LAS PALOMITAS', 5201, 14)","('Cordoba', 25642, 'LAS PAMPILLAS', 5182, 14)","('Cordoba', 16306, 'LAS PEÃ‘AS', 5238, 14)","('Cordoba', 22884, 'LAS PEÃ‘AS NORTE', 5823, 14)","('Cordoba', 25071, 'LAS CRUCECITAS', 5201, 14)","('Cordoba', 24541, 'LA TOMA', 5280, 14)","('Cordoba', 25672, 'LAS CORTADERAS', 5295, 14)","('Cordoba', 23282, 'LAS CORTADERAS', 5249, 14)","('Cordoba', 16149, 'LABOULAYE', 6120, 14)","('Cordoba', 25349, 'LADERA YACUS', 5246, 14)","('Cordoba', 25350, 'LAGUNA BRAVA', 5244, 14)","('Cordoba', 22453, 'LAGUNA CLARA', 5813, 14)","('Cordoba', 25351, 'LAGUNA DE GOMEZ', 5244, 14)","('Cordoba', 16222, 'LAGUNA LARGA', 5974, 14)","('Cordoba', 16327, 'LABORDE', 2657, 14)","('Cordoba', 23847, 'LAGUNA LARGA SUD', 5988, 14)","('Cordoba', 22465, 'LAGUNA SECA', 5829, 14)","('Cordoba', 24973, 'LAGUNILLA', 5101, 14)","('Cordoba', 23854, 'LAGUNILLA', 5972, 14)","('Cordoba', 25282, 'LAGUNILLAS', 5807, 14)","('Cordoba', 24776, 'LARSEN', 6275, 14)","('Cordoba', 22471, 'LAS ABAHACAS', 5801, 14)","('Cordoba', 22459, 'LAGUNA OSCURA', 6144, 14)","('Cordoba', 24712, 'LAS ABRAS', 5270, 14)","('Cordoba', 23841, 'LA ZARITA', 5913, 14)","('Cordoba', 25127, 'LA ZANJA', 5201, 14)","('Cordoba', 25121, 'LA TOTORILLA', 5209, 14)","('Cordoba', 24320, 'LA TRAMPA', 5871, 14)","('Cordoba', 24604, 'LA TRAVESIA', 5875, 14)","('Cordoba', 24826, 'LA TRINCHERA', 2417, 14)","('Cordoba', 25064, 'LA TUNA', 5212, 14)","('Cordoba', 23886, 'LA TUNA TINOCO', 5131, 14)","('Cordoba', 23832, 'LA ZARA', 5913, 14)","('Cordoba', 24827, 'LA UDINE', 2413, 14)","('Cordoba', 24606, 'LA VENTANA', 5870, 14)","('Cordoba', 22449, 'LA VERONICA', 5801, 14)","('Cordoba', 24828, 'LA VICENTA', 2417, 14)","('Cordoba', 27641, 'LA VICTORIA', 5231, 14)","('Cordoba', 23901, 'LA VIRGINIA', 5220, 14)","('Cordoba', 24547, 'LA VIRGINIA', 5281, 14)","('Cordoba', 25639, 'LA USINA', 5168, 14)","('Cordoba', 22827, 'LAS ACACIAS', 5129, 14)","('Cordoba', 16188, 'LAS ACEQUIAS', 5848, 14)","('Cordoba', 25129, 'LAS AGUADITAS', 5201, 14)","('Cordoba', 24829, 'LAS CAÃ‘ITAS', 2428, 14)","('Cordoba', 22488, 'LAS CAÃ‘ITAS', 5801, 14)","('Cordoba', 25067, 'LAS CANTERAS', 5218, 14)","('Cordoba', 23276, 'LAS CARDAS', 5248, 14)","('Cordoba', 25640, 'LAS CASITAS', 5158, 14)","('Cordoba', 24323, 'LAS CEBOLLAS', 5885, 14)","('Cordoba', 23272, 'LAS CAÃ‘AS', 5246, 14)","('Cordoba', 25068, 'LAS CHACRAS', 5214, 14)","('Cordoba', 25530, 'LAS CHACRAS', 5284, 14)","('Cordoba', 25671, 'LAS CHACRAS', 5297, 14)","('Cordoba', 16242, 'LAS CHACRAS', 5875, 14)","('Cordoba', 24108, 'LAS CHACRAS RUTA 111 KM 14', 5101, 14)","('Cordoba', 22492, 'LAS CINCO CUADRAS', 5841, 14)","('Cordoba', 24325, 'LAS CONANITAS', 5885, 14)","('Cordoba', 23279, 'LAS CHACRAS', 5249, 14)","('Cordoba', 25354, 'LAS CAÃ‘AS', 5216, 14)","('Cordoba', 25065, 'LAS CAÃ‘AS', 5201, 14)","('Cordoba', 23913, 'LAS CAÃ‘AS', 5101, 14)","('Cordoba', 27675, 'LAS ALBAHACAS', 5801, 14)","('Cordoba', 24550, 'LAS ALERAS', 5270, 14)","('Cordoba', 25353, 'LAS AROMAS', 5231, 14)","('Cordoba', 16310, 'LAS ARRIAS', 5231, 14)","('Cordoba', 23906, 'LAS ASTILLAS', 5220, 14)","('Cordoba', 16206, 'LAS AVERIAS', 5135, 14)","('Cordoba', 22703, 'LAS BAJADAS', 5851, 14)","('Cordoba', 25279, 'LAS BANDURRIAS', 5236, 14)","('Cordoba', 22832, 'LAS BANDURRIAS NORTE', 5225, 14)","('Cordoba', 22839, 'LAS CABRAS', 5127, 14)","('Cordoba', 22481, 'LAS CALECITAS', 5801, 14)","('Cordoba', 22705, 'LAS CALERAS', 5819, 14)","('Cordoba', 24322, 'LAS CALLES', 5885, 14)","('Cordoba', 24551, 'LAS CAÃ‘ADAS', 5284, 14)","('Cordoba', 24607, 'LAS CAÃ‘ADAS', 5870, 14)","('Cordoba', 25532, 'LAS CORTADERAS', 5293, 14)","('Cordoba', 16120, 'LA CARLOTA', 2670, 14)","('Cordoba', 24944, 'EL PUESTO LOS CABRERA', 5218, 14)","('Cordoba', 25635, 'LA CANTERA', 5168, 14)","('Cordoba', 25623, 'ESCOBAS', 5282, 14)","('Cordoba', 22753, 'ESCUELA DE ARTILLERIA', 5101, 14)","('Cordoba', 22754, 'ESPERANZA', 5131, 14)","('Cordoba', 22758, 'ESPINILLO', 5129, 14)","('Cordoba', 25336, 'ESPINILLO', 5203, 14)","('Cordoba', 25255, 'ESPINILLO', 5221, 14)","('Cordoba', 25394, 'ENFERMERA KELLY', 2587, 14)","('Cordoba', 25729, 'ESPINILLO', 5811, 14)","('Cordoba', 16203, 'ESQUINA', 5131, 14)","('Cordoba', 24426, 'ESQUINA DEL ALAMBRE', 5281, 14)","('Cordoba', 23124, 'EST CANDELARIA NORTE', 5235, 14)","('Cordoba', 23817, 'EST JUAREZ CELMAN', 5145, 14)","('Cordoba', 25730, 'ESTACION ACHIRAS', 5831, 14)","('Cordoba', 25460, 'ESTACION BELL VILLE', 2550, 14)","('Cordoba', 23776, 'ESPINILLO NUÃ‘EZ DEL PRADO', 5131, 14)","('Cordoba', 23796, 'ESTACION CALCHIN', 5969, 14)","('Cordoba', 23235, 'ENCRUCIJADA', 5231, 14)","('Cordoba', 16186, 'ELENA', 5815, 14)","('Cordoba', 24809, 'EL TRABAJO', 2424, 14)","('Cordoba', 25459, 'EL TRIANGULO', 2572, 14)","('Cordoba', 23228, 'EL TULE', 5249, 14)","('Cordoba', 25334, 'EL TUSCAL', 5216, 14)","('Cordoba', 25702, 'EL VADO', 5182, 14)","('Cordoba', 24423, 'EL VALLECITO', 5172, 14)","('Cordoba', 16037, 'EMBALSE', 5856, 14)","('Cordoba', 25513, 'EL VALLESITO', 5291, 14)","('Cordoba', 25335, 'EL VENCE', 5231, 14)","('Cordoba', 25620, 'EL VERGEL', 5155, 14)","('Cordoba', 23231, 'EL VISMAL', 5233, 14)","('Cordoba', 23773, 'EL ZAINO', 5149, 14)","('Cordoba', 23233, 'EL ZAPALLAR', 5233, 14)","('Cordoba', 25622, 'EL ZAPATO', 5184, 14)","('Cordoba', 24961, 'EL VEINTICINCO', 5214, 14)","('Cordoba', 23783, 'ESTACION CAROYA', 5220, 14)","('Cordoba', 23787, 'ESTACION COLONIA TIROLESA', 5131, 14)","('Cordoba', 16443, 'ESTACION GENERAL PAZ', 5145, 14)","('Cordoba', 27680, 'ESTANCIA VIEJA', 5152, 14)","('Cordoba', 16096, 'ETRURIA', 2681, 14)","('Cordoba', 23240, 'EUFRASIO LOZA', 5248, 14)","('Cordoba', 22687, 'FABRICA MILITAR', 5189, 14)","('Cordoba', 24867, 'FABRICA MILITAR', 5900, 14)","('Cordoba', 25192, 'FABRICA MILITAR RIO TERCERO', 5850, 14)","('Cordoba', 23237, 'ESTANCIA PATIÃ‘O', 5249, 14)","('Cordoba', 27930, 'FALDA DE CAÃ‘ETE', 5186, 14)","('Cordoba', 24958, 'FALDA DEL CARMEN', 5187, 14)","('Cordoba', 24869, 'FERREYRA', 5925, 14)","('Cordoba', 25396, 'FLORA', 2525, 14)","('Cordoba', 25732, 'FRAGUEYRO', 5847, 14)","('Cordoba', 25522, 'FRAY CAYETANO RODRIGUEZ', 6120, 14)","('Cordoba', 16268, 'FREYRE', 2413, 14)","('Cordoba', 22690, 'FALDA DE LOS REARTES', 5189, 14)","('Cordoba', 23801, 'ESTANCIA LOS MATORRALES', 5987, 14)","('Cordoba', 25259, 'ESTANCIA LAS ROSAS', 5229, 14)","('Cordoba', 25258, 'ESTANCIA LAS MERCEDES', 5229, 14)","('Cordoba', 25731, 'ESTACION PUNTA DE AGUA', 5839, 14)","('Cordoba', 24431, 'ESTACION SOTO', 5284, 14)","('Cordoba', 25256, 'ESTANCIA BOTTARO', 5229, 14)","('Cordoba', 25514, 'ESTANCIA DE GUADALUPE', 5291, 14)","('Cordoba', 25624, 'ESTANCIA DOS RIOS', 5155, 14)","('Cordoba', 23793, 'ESTANCIA EL CARMEN', 5131, 14)","('Cordoba', 24810, 'ESTANCIA EL CHAÃ‘AR', 2428, 14)","('Cordoba', 25337, 'ESTANCIA EL NACIONAL', 5244, 14)","('Cordoba', 25257, 'ESTANCIA EL TACO', 5229, 14)","('Cordoba', 24963, 'ESTANCIA GOROSITO', 5212, 14)","('Cordoba', 24811, 'ESTANCIA LA CHIQUITA', 2428, 14)","('Cordoba', 24812, 'ESTANCIA LA MOROCHA', 2428, 14)","('Cordoba', 24946, 'ESTANCIA LA PUNTA DEL AGUA', 5187, 14)","('Cordoba', 23797, 'ESTANCIA LAS CAÃ‘AS', 5131, 14)","('Cordoba', 25273, 'ESTANCIA LAS MARGARITAS', 2671, 14)","('Cordoba', 22752, 'EL TOSTADO', 5137, 14)","('Cordoba', 23806, 'GALPON CHICO', 5967, 14)","('Cordoba', 22684, 'EL TORREON', 5864, 14)","('Cordoba', 16267, 'EL TIO', 2432, 14)","('Cordoba', 25189, 'EL PORTEÃ‘O', 5933, 14)","('Cordoba', 22678, 'EL PORTEZUELO', 5196, 14)","('Cordoba', 24942, 'EL PORTILLO', 5200, 14)","('Cordoba', 25450, 'EL PORVENIR', 2651, 14)","('Cordoba', 25727, 'EL POTOSI', 5801, 14)","('Cordoba', 25618, 'EL POTRERO', 5155, 14)","('Cordoba', 25616, 'EL PINGO', 5178, 14)","('Cordoba', 25613, 'EL POTRERO', 5295, 14)","('Cordoba', 23213, 'EL PRADO', 5248, 14)","('Cordoba', 23572, 'EL PROGRESO', 5249, 14)","('Cordoba', 16061, 'EL PUEBLITO', 5107, 14)","('Cordoba', 24590, 'EL PUEBLITO', 5875, 14)","('Cordoba', 25619, 'EL PUENTE', 5172, 14)","('Cordoba', 23215, 'EL PUESTO', 5249, 14)","('Cordoba', 23210, 'EL POZO', 5233, 14)","('Cordoba', 24410, 'EL PUESTO', 5284, 14)","('Cordoba', 25614, 'EL PILCADO', 5155, 14)","('Cordoba', 25096, 'EL PERTIGO', 5201, 14)","('Cordoba', 24259, 'EL PANTANILLO', 5885, 14)","('Cordoba', 22528, 'LAS TAPIAS', 5801, 14)","('Cordoba', 25094, 'EL PANTANO', 5244, 14)","('Cordoba', 22673, 'EL PARADOR DE LA MONTAÃ‘A', 5197, 14)","('Cordoba', 25458, 'EL PARAISO', 2559, 14)","('Cordoba', 24940, 'EL PARAISO', 5218, 14)","('Cordoba', 25612, 'EL PERUEL', 5155, 14)","('Cordoba', 25329, 'EL PASO', 5203, 14)","('Cordoba', 23757, 'EL PASTOR', 5151, 14)","('Cordoba', 23759, 'EL PAYADOR', 5151, 14)","('Cordoba', 25252, 'EL PEDACITO', 5236, 14)","('Cordoba', 25610, 'EL PERCHEL', 5166, 14)","('Cordoba', 25330, 'EL PERCHEL', 5244, 14)","('Cordoba', 24264, 'EL PERCHEL', 5885, 14)","('Cordoba', 24262, 'EL PASO DE LA PAMPA', 5871, 14)","('Cordoba', 23125, 'EL QUEBRACHAL', 5101, 14)","('Cordoba', 23761, 'EL QUEBRACHITO', 5109, 14)","('Cordoba', 22750, 'EL QUEBRACHO', 5101, 14)","('Cordoba', 25511, 'EL SAUCE', 5289, 14)","('Cordoba', 24265, 'EL SAUZAL', 5887, 14)","('Cordoba', 25333, 'EL SEBIL', 5244, 14)","('Cordoba', 23223, 'EL SILVERIO', 5248, 14)","('Cordoba', 23226, 'EL SIMBOL', 5249, 14)","('Cordoba', 24422, 'EL SIMBOLAR', 5281, 14)","('Cordoba', 22682, 'EL SAUCE', 5196, 14)","('Cordoba', 25512, 'EL SUNCHAL', 5291, 14)","('Cordoba', 24953, 'EL TALA', 5201, 14)","('Cordoba', 23768, 'EL TALAR', 5107, 14)","('Cordoba', 24955, 'EL TALITA', 5212, 14)","('Cordoba', 25254, 'EL TALITA VILLA GRAL MITRE', 5236, 14)","('Cordoba', 24959, 'EL TAMBERO', 5212, 14)","('Cordoba', 25728, 'EL TAMBO', 5801, 14)","('Cordoba', 24266, 'EL TAJAMAR', 5885, 14)","('Cordoba', 25190, 'EL SALTO NORTE', 5854, 14)","('Cordoba', 25565, 'EL SALTO', 5282, 14)","('Cordoba', 25332, 'EL ROSARIO', 5205, 14)","('Cordoba', 24947, 'EL QUEBRACHO', 5218, 14)","('Cordoba', 23218, 'EL QUEBRACHO', 5249, 14)","('Cordoba', 22681, 'EL QUEBRACHO', 5854, 14)","('Cordoba', 24415, 'EL QUICHO', 5270, 14)","('Cordoba', 24951, 'EL RANCHITO', 5218, 14)","('Cordoba', 25272, 'EL RASTREADOR', 6121, 14)","('Cordoba', 23764, 'EL REYMUNDO', 5220, 14)","('Cordoba', 25253, 'EL RINCON', 5231, 14)","('Cordoba', 24420, 'EL RINCON', 5282, 14)","('Cordoba', 25615, 'EL RINCON', 5871, 14)","('Cordoba', 25509, 'EL RIO', 5285, 14)","('Cordoba', 25098, 'EL RODEITO', 5201, 14)","('Cordoba', 25331, 'EL RODEO', 5246, 14)","('Cordoba', 23220, 'EL RODEO', 5249, 14)","('Cordoba', 25510, 'EL RODEO', 5291, 14)","('Cordoba', 23770, 'EL TOMILLO', 5149, 14)","('Cordoba', 24481, 'LA CARBONERA', 5280, 14)","('Cordoba', 25524, 'GAVILAN', 6132, 14)","('Cordoba', 16117, 'GENERAL CABRERA', 5809, 14)","('Cordoba', 25633, 'KILOMETRO 608', 5149, 14)","('Cordoba', 22785, 'KILOMETRO 658', 5125, 14)","('Cordoba', 23154, 'KILOMETRO 679', 5123, 14)","('Cordoba', 23159, 'KILOMETRO 680 RUTA 9', 5123, 14)","('Cordoba', 22788, 'KILOMETRO 691', 5125, 14)","('Cordoba', 23164, 'KILOMETRO 692', 5123, 14)","('Cordoba', 25632, 'KILOMETRO 592', 5166, 14)","('Cordoba', 23852, 'KILOMETRO 711', 5125, 14)","('Cordoba', 23858, 'KILOMETRO 745', 5220, 14)","('Cordoba', 24974, 'KILOMETRO 784', 5212, 14)","('Cordoba', 24977, 'KILOMETRO 807', 5212, 14)","('Cordoba', 24979, 'KILOMETRO 827', 5212, 14)","('Cordoba', 24981, 'KILOMETRO 832', 5200, 14)","('Cordoba', 24984, 'KILOMETRO 859', 5214, 14)","('Cordoba', 23185, 'KILOMETRO 730', 5145, 14)","('Cordoba', 24986, 'KILOMETRO 865', 5214, 14)","('Cordoba', 24817, 'KILOMETRO 581', 2428, 14)","('Cordoba', 25398, 'KILOMETRO 57', 2619, 14)","('Cordoba', 23144, 'KILOMETRO 25 LA CARBONADA', 5123, 14)","('Cordoba', 24870, 'KILOMETRO 267', 5901, 14)","('Cordoba', 22774, 'KILOMETRO 271', 5139, 14)","('Cordoba', 22776, 'KILOMETRO 294', 5137, 14)","('Cordoba', 22780, 'KILOMETRO 316', 5137, 14)","('Cordoba', 25264, 'KILOMETRO 364', 5229, 14)","('Cordoba', 25630, 'KILOMETRO 579', 5168, 14)","('Cordoba', 25266, 'KILOMETRO 394', 5238, 14)","('Cordoba', 24972, 'KILOMETRO 450', 5218, 14)","('Cordoba', 24445, 'KILOMETRO 505', 5280, 14)","('Cordoba', 24816, 'KILOMETRO 531', 2424, 14)","('Cordoba', 24453, 'KILOMETRO 541', 5284, 14)","('Cordoba', 25740, 'KILOMETRO 545', 6142, 14)","('Cordoba', 25765, 'KILOMETRO 55', 6121, 14)","('Cordoba', 24971, 'KILOMETRO 430', 5200, 14)","('Cordoba', 24988, 'KILOMETRO 881', 5214, 14)","('Cordoba', 25341, 'KILOMETRO 907', 5216, 14)","('Cordoba', 25342, 'KILOMETRO 931', 5216, 14)","('Cordoba', 22793, 'LA BUENA PARADA', 5129, 14)","('Cordoba', 25463, 'LA CAJUELA', 2563, 14)","('Cordoba', 16063, 'LA CALERA', 5151, 14)","('Cordoba', 25006, 'LA CALERA', 5218, 14)","('Cordoba', 25621, 'LA CALERA', 5297, 14)","('Cordoba', 25492, 'LA CALERA', 5813, 14)","('Cordoba', 25491, 'LA BRIANZA', 5848, 14)","('Cordoba', 22693, 'LA CALERA', 5819, 14)","('Cordoba', 25634, 'LA CAÃ‘ADA', 5155, 14)","('Cordoba', 23247, 'LA CAÃ‘ADA', 5231, 14)","('Cordoba', 24598, 'LA CAÃ‘ADA', 5870, 14)","('Cordoba', 25008, 'LA CAÃ‘ADA ANGOSTA', 5218, 14)","('Cordoba', 25278, 'LA CAÃ‘ADA GRANDE', 5803, 14)","('Cordoba', 25343, 'LA CAÃ‘ADA SANTA CRUZ', 5201, 14)","('Cordoba', 22796, 'LA CAÃ‘ADA', 5101, 14)","('Cordoba', 25004, 'LA BOTIJA', 5214, 14)","('Cordoba', 25520, 'LA BISMUTINA', 5291, 14)","('Cordoba', 24952, 'LA BETANIA', 5189, 14)","('Cordoba', 24460, 'LA ABRA', 5281, 14)","('Cordoba', 25267, 'LA AGUADA', 5211, 14)","('Cordoba', 24990, 'LA AGUADA', 5212, 14)","('Cordoba', 24469, 'LA AGUADA', 5285, 14)","('Cordoba', 25739, 'LA AGUADA', 5801, 14)","('Cordoba', 25617, 'LA AGUADITA', 5299, 14)","('Cordoba', 24271, 'LA AGUADITA', 5887, 14)","('Cordoba', 25518, 'LA ARGENTINA', 5293, 14)","('Cordoba', 24992, 'LA AURA', 5218, 14)","('Cordoba', 23243, 'LA BANDA', 5249, 14)","('Cordoba', 24994, 'LA BARRANCA', 5214, 14)","('Cordoba', 23245, 'LA BARRANCA', 5248, 14)","('Cordoba', 25490, 'LA BARRANQUITA', 5833, 14)","('Cordoba', 24997, 'LA BATALLA', 5201, 14)","('Cordoba', 24475, 'LA BATEA', 5270, 14)","('Cordoba', 23818, 'KILOMETRO 25', 5107, 14)","('Cordoba', 16134, 'GENERAL BALDISSERA', 2583, 14)","('Cordoba', 25397, 'KILEGRUMAN', 2625, 14)","('Cordoba', 25106, 'JUME', 5209, 14)","('Cordoba', 25627, 'GUASTA', 5155, 14)","('Cordoba', 16136, 'GUATIMOZIN', 2627, 14)","('Cordoba', 25737, 'GUINDAS', 5821, 14)","('Cordoba', 16214, 'GUTEMBERG', 5249, 14)","('Cordoba', 25262, 'HARAS SAN ANTONIO', 5236, 14)","('Cordoba', 23139, 'HARAS SANTA MARTHA', 5123, 14)","('Cordoba', 25516, 'GUASAPAMPA', 5285, 14)","('Cordoba', 16296, 'HERNANDO', 5929, 14)","('Cordoba', 23055, 'HIGUERILLAS', 5125, 14)","('Cordoba', 16083, 'HIPOLITO BOUCHARD', 6225, 14)","('Cordoba', 25738, 'HOLMBERG', 5825, 14)","('Cordoba', 24594, 'HORNILLOS', 5885, 14)","('Cordoba', 25704, 'HOSPITAL FLIA DOMINGO FUNES', 5165, 14)","('Cordoba', 16119, 'HUANCHILLA', 6121, 14)","('Cordoba', 23807, 'HIGUERIAS', 5131, 14)","('Cordoba', 25276, 'HUANCHILLA SUD', 6121, 14)","('Cordoba', 25526, 'GUARDIA VIEJA', 6120, 14)","('Cordoba', 24592, 'GUANACO BOLEADO', 5875, 14)","('Cordoba', 16118, 'GENERAL DEHEZA', 5923, 14)","('Cordoba', 16295, 'GENERAL FOTHERINGHAM', 5933, 14)","('Cordoba', 22763, 'GENERAL LAS HERAS', 5101, 14)","('Cordoba', 16147, 'GENERAL LEVALLE', 6132, 14)","('Cordoba', 23802, 'GENERAL ORTIZ DE OCAMPO', 5151, 14)","('Cordoba', 25733, 'GENERAL PUEYRREDON', 6140, 14)","('Cordoba', 24435, 'GUANACO MUERTO', 5281, 14)","('Cordoba', 16135, 'GENERAL ROCA', 2592, 14)","('Cordoba', 25461, 'GENERAL VIAMONTE', 2671, 14)","('Cordoba', 25736, 'GLORIALDO FERNANDEZ', 5837, 14)","('Cordoba', 24949, 'GOLPE DE AGUA', 5187, 14)","('Cordoba', 25099, 'GRACIELA', 5209, 14)","('Cordoba', 25626, 'GRUTA DE SAN ANTONIO', 5172, 14)","('Cordoba', 25338, 'GUALLASCATE', 5244, 14)","('Cordoba', 25734, 'GENERAL SOLER', 6142, 14)","('Cordoba', 24438, 'HUASCHA', 5218, 14)","('Cordoba', 24596, 'HUASTA', 5875, 14)","('Cordoba', 24267, 'HUCLE', 5887, 14)","('Cordoba', 16085, 'ITALO', 6271, 14)","('Cordoba', 25340, 'ITI HUASI', 5203, 14)","('Cordoba', 24968, 'JAIME PETER', 5218, 14)","('Cordoba', 16297, 'JAMES CRAIK', 5984, 14)","('Cordoba', 25103, 'JARILLAS', 5209, 14)","('Cordoba', 24814, 'JEANMAIRE', 2424, 14)","('Cordoba', 25462, 'ISLETA NEGRA', 2559, 14)","('Cordoba', 24815, 'JERONIMO CORTES', 5141, 14)","('Cordoba', 24950, 'JOSE DE LA QUINTANA', 5189, 14)","('Cordoba', 16088, 'JOVITA', 6127, 14)","('Cordoba', 24269, 'JUAN BAUTISTA ALBERDI', 5891, 14)","('Cordoba', 24970, 'JUAN GARCIA', 5212, 14)","('Cordoba', 27630, 'JUAREZ CELMAN', 5145, 14)","('Cordoba', 25528, 'JULIO ARGENTINO ROCA', 6134, 14)","('Cordoba', 16062, 'JESUS MARIA', 5220, 14)","('Cordoba', 24268, 'ISLA VERDE', 5893, 14)","('Cordoba', 22769, 'ISLA VERDE', 5225, 14)","('Cordoba', 16138, 'ISLA VERDE', 2661, 14)","('Cordoba', 16162, 'HUERTA GRANDE', 5174, 14)","('Cordoba', 16084, 'HUINCA RENANCO', 6270, 14)","('Cordoba', 16325, 'IDIAZABAL', 2557, 14)","('Cordoba', 24442, 'IGLESIA VIEJA', 5270, 14)","('Cordoba', 23812, 'IMPIRA', 5987, 14)","('Cordoba', 23816, 'INDEPENDENCIA', 5988, 14)","('Cordoba', 24813, 'INDIA MUERTA', 5909, 14)","('Cordoba', 24965, 'INGENIERO BERTINI', 5200, 14)","('Cordoba', 16137, 'INRIVILLE', 2587, 14)","('Cordoba', 25101, 'INVERNADA', 5209, 14)","('Cordoba', 25629, 'IRIGOYEN', 5168, 14)","('Cordoba', 24966, 'ISCHILIN', 5201, 14)","('Cordoba', 25339, 'ISLA DE SAN ANTONIO', 5214, 14)","('Cordoba', 22766, 'ISLA DEL CERRO', 5129, 14)","('Cordoba', 22767, 'ISLA LARGA', 5129, 14)","('Cordoba', 16326, 'JUSTINIANO POSSE', 2553, 14)","('Cordoba', 16243, 'LAS TAPIAS', 5885, 14)","('Cordoba', 25157, 'SAN LUIS', 5209, 14)","('Cordoba', 25093, 'LAS TOSCAS', 5214, 14)","('Cordoba', 25695, 'PUSISUNA', 5299, 14)","('Cordoba', 24852, 'QUEBRACHITOS', 2436, 14)","('Cordoba', 16374, 'QUEBRACHO HERRADO', 2423, 14)","('Cordoba', 16248, 'QUEBRACHO LADEADO', 5875, 14)","('Cordoba', 24379, 'QUEBRACHO SOLO', 5871, 14)","('Cordoba', 23005, 'QUEBRACHOS', 5131, 14)","('Cordoba', 23462, 'PUNTA DEL MONTE', 5249, 14)","('Cordoba', 24624, 'QUEBRADA DE LOS POZOS', 5885, 14)","('Cordoba', 25174, 'QUEBRADA DE NONA', 5184, 14)","('Cordoba', 24382, 'QUEBRADA DEL HORNO', 5889, 14)","('Cordoba', 16110, 'QUILINO', 5214, 14)","('Cordoba', 24689, 'QUILMES', 5270, 14)","('Cordoba', 25291, 'QUISCASACATE', 5221, 14)","('Cordoba', 23469, 'RACEDO', 5249, 14)","('Cordoba', 25661, 'QUEBRADA DE LUNA', 5282, 14)","('Cordoba', 16282, 'RAFAEL GARCIA', 5119, 14)","('Cordoba', 25201, 'PUNTA DEL AGUA', 5931, 14)","('Cordoba', 23000, 'PUNTA DEL AGUA', 5129, 14)","('Cordoba', 25171, 'PUESTO DE LOS RODRIGUEZ', 5200, 14)","('Cordoba', 23455, 'PUESTO DE LUNA', 5233, 14)","('Cordoba', 22993, 'PUESTO DE PUCHETA', 5225, 14)","('Cordoba', 25556, 'PUESTO DE VERA', 5271, 14)","('Cordoba', 24688, 'PUESTO DEL GALLO', 5281, 14)","('Cordoba', 25173, 'PUESTO DEL MEDIO', 5117, 14)","('Cordoba', 22570, 'PUNTA DEL AGUA', 5839, 14)","('Cordoba', 25288, 'PUESTO DEL ROSARIO', 5236, 14)","('Cordoba', 24377, 'PUESTO GUZMAN', 5153, 14)","('Cordoba', 22748, 'PUESTO MULITA', 5189, 14)","('Cordoba', 25153, 'PUESTO NUEVO', 5209, 14)","('Cordoba', 25289, 'PUESTO SAN JOSE', 5242, 14)","('Cordoba', 25376, 'PUESTO VIEJO', 5244, 14)","('Cordoba', 25660, 'PUNILLA', 5184, 14)","('Cordoba', 27668, 'PUESTO EL ABRA', 5284, 14)","('Cordoba', 23010, 'RAMALLO', 5225, 14)","('Cordoba', 24691, 'RAMBLON', 5284, 14)","('Cordoba', 25557, 'RAMIREZ', 5289, 14)","('Cordoba', 25293, 'RIO DE LOS SAUCES', 5221, 14)","('Cordoba', 16041, 'RIO DE LOS SAUCES', 5821, 14)","('Cordoba', 25214, 'RIO DE LOS TALAS', 5221, 14)","('Cordoba', 22755, 'RIO DEL DURAZNO', 5197, 14)","('Cordoba', 23481, 'RIO DULCE', 5249, 14)","('Cordoba', 25662, 'RIO GRANDE', 5172, 14)","('Cordoba', 25175, 'RIO DE LAS MANZANAS', 5212, 14)","('Cordoba', 22759, 'RIO GRANDE AMBOY', 5199, 14)","('Cordoba', 24626, 'RIO HONDO', 5875, 14)","('Cordoba', 27885, 'RIO HONDO', 5891, 14)","('Cordoba', 25001, 'RIO LOS MOLINOS', 5189, 14)","('Cordoba', 23484, 'RIO PEDRO', 5246, 14)","('Cordoba', 25215, 'RIO PINTO', 5221, 14)","('Cordoba', 16211, 'RIO PRIMERO', 5127, 14)","('Cordoba', 25697, 'RIO HONDO', 5297, 14)","('Cordoba', 24694, 'RIO DE LA POBLACION', 5280, 14)","('Cordoba', 24625, 'RIO DE JAIME', 5875, 14)","('Cordoba', 26317, 'RIO CUARTO', 5800, 14)","('Cordoba', 24882, 'RAMON J CARCANO', 5900, 14)","('Cordoba', 23015, 'RANGEL', 5131, 14)","('Cordoba', 24793, 'RANQUELES', 6271, 14)","('Cordoba', 25558, 'RARA FORTUNA', 5287, 14)","('Cordoba', 23474, 'RAYO CORTADO', 5246, 14)","('Cordoba', 23208, 'RECREO VICTORIA', 5144, 14)","('Cordoba', 16122, 'REDUCCION', 5803, 14)","('Cordoba', 24693, 'REPRESA DE MORALES', 5285, 14)","('Cordoba', 24134, 'RINCON', 5961, 14)","('Cordoba', 24142, 'RINCON CASA GRANDE', 5162, 14)","('Cordoba', 22751, 'RINCON DE LUNA', 5197, 14)","('Cordoba', 24385, 'RIO ARRIBA', 5887, 14)","('Cordoba', 16151, 'RIO BAMBA', 6134, 14)","('Cordoba', 16069, 'RIO CEBALLOS', 5111, 14)","('Cordoba', 24184, 'RIO CHICO', 5221, 14)","('Cordoba', 23450, 'PUESTO DE LOS ALAMOS', 5249, 14)","('Cordoba', 23494, 'RIO SAN MIGUEL', 5249, 14)","('Cordoba', 24183, 'PUESTO DE LA OVEJA', 5131, 14)","('Cordoba', 25172, 'PUESTO DE CERRO', 5200, 14)","('Cordoba', 24999, 'POTRERO DE GARAY', 5189, 14)","('Cordoba', 22747, 'POTRERO DE LUJAN', 5191, 14)","('Cordoba', 25553, 'POTRERO DE MARQUES', 5297, 14)","('Cordoba', 25000, 'POTRERO DE TUTZER', 5186, 14)","('Cordoba', 25285, 'POZO CONCA', 5221, 14)","('Cordoba', 25286, 'POZO CORREA', 5221, 14)","('Cordoba', 24995, 'POTRERO DE FUNES', 5189, 14)","('Cordoba', 23383, 'POZO DE JUANCHO', 5246, 14)","('Cordoba', 22964, 'POZO DE LA LOMA', 5125, 14)","('Cordoba', 24374, 'POZO DE LA PAMPA', 5871, 14)","('Cordoba', 23393, 'POZO DE LAS OLLAS', 5249, 14)","('Cordoba', 24129, 'POZO DE LAS YEGUAS', 5125, 14)","('Cordoba', 23397, 'POZO DE LOS ARBOLES', 5249, 14)","('Cordoba', 22967, 'POZO DE LOS TRONCOS', 5137, 14)","('Cordoba', 22955, 'POZO DE LA ESQUINA', 5133, 14)","('Cordoba', 23402, 'POZO DE MOLINA', 5249, 14)","('Cordoba', 16411, 'PORTEÃ‘A', 2415, 14)","('Cordoba', 25693, 'POCHO', 5299, 14)","('Cordoba', 25689, 'PIEDRITAS ROSADAS', 5295, 14)","('Cordoba', 16228, 'PILAR', 5972, 14)","('Cordoba', 25489, 'PINAS', 2572, 14)","('Cordoba', 24791, 'PINCEN', 6271, 14)","('Cordoba', 16210, 'PIQUILLIN', 5125, 14)","('Cordoba', 25371, 'PISCO HUASI', 5244, 14)","('Cordoba', 23377, 'POCITO DEL CAMPO', 5248, 14)","('Cordoba', 25691, 'PITOA', 5295, 14)","('Cordoba', 24843, 'PLAZA BRUNO', 2436, 14)","('Cordoba', 22949, 'PLAZA DE MERCEDES', 5137, 14)","('Cordoba', 24121, 'PLAZA MINETTI', 5967, 14)","('Cordoba', 24126, 'PLAZA RODRIGUEZ', 5987, 14)","('Cordoba', 24844, 'PLAZA SAN FRANCISCO', 2401, 14)","('Cordoba', 24845, 'PLUJUNTA', 5141, 14)","('Cordoba', 24839, 'PLAYA GRANDE', 5139, 14)","('Cordoba', 24846, 'POZO DEL AVESTRUZ', 5947, 14)","('Cordoba', 25554, 'POZO DEL BARRIAL', 5272, 14)","('Cordoba', 24847, 'POZO DEL CHAJA', 2433, 14)","('Cordoba', 25404, 'PUEBLO GAMBANDE', 2627, 14)","('Cordoba', 16333, 'PUEBLO ITALIANO', 2651, 14)","('Cordoba', 22984, 'PUEBLO PIANELLI', 5131, 14)","('Cordoba', 25405, 'PUEBLO RIO TERCERO', 2581, 14)","('Cordoba', 25478, 'PUEBLO VIEJO', 2555, 14)","('Cordoba', 27886, 'PUENTE DEL CURA', 5891, 14)","('Cordoba', 25403, 'PUEBLO CARLOS SAUVERAN', 2581, 14)","('Cordoba', 22566, 'PUENTE LOS MOLLES', 5809, 14)","('Cordoba', 22568, 'PUERTA COLORADA', 5817, 14)","('Cordoba', 24375, 'PUERTA DE LA QUEBRADA', 5297, 14)","('Cordoba', 22987, 'PUESTO DE AFUERA', 5131, 14)","('Cordoba', 25168, 'PUESTO DE ARRIBA', 5214, 14)","('Cordoba', 25170, 'PUESTO DE BATALLA', 5218, 14)","('Cordoba', 23442, 'PUESTO DE CASTRO', 5233, 14)","('Cordoba', 24851, 'PUENTE RIO PLUJUNTA', 5139, 14)","('Cordoba', 25402, 'PUEBLO ARGENTINO', 2580, 14)","('Cordoba', 22564, 'PUEBLO ALBERDI', 5800, 14)","('Cordoba', 25374, 'PROVIDENCIA', 5231, 14)","('Cordoba', 24849, 'POZO DEL CHAÃ‘AR', 2435, 14)","('Cordoba', 24675, 'POZO DEL CHAÃ‘AR', 5873, 14)","('Cordoba', 24623, 'POZO DEL MOLLE', 5873, 14)","('Cordoba', 16229, 'POZO DEL MOLLE', 5913, 14)","('Cordoba', 22972, 'POZO DEL MORO', 5225, 14)","('Cordoba', 23406, 'POZO DEL SIMBOL', 5249, 14)","('Cordoba', 24687, 'POZO DEL SIMBOL', 5281, 14)","('Cordoba', 24182, 'POZO DEL TIGRE', 5145, 14)","('Cordoba', 25151, 'POZO DEL TIGRE', 5209, 14)","('Cordoba', 22977, 'POZO LA PIEDRA', 5135, 14)","('Cordoba', 27687, 'POZO NUEVO', 5209, 14)","('Cordoba', 25555, 'POZO SECO', 5285, 14)","('Cordoba', 25372, 'POZO SOLO', 5244, 14)","('Cordoba', 22563, 'PRETOT FREYRE', 6140, 14)","('Cordoba', 24824, 'PRIMAVERA', 5139, 14)","('Cordoba', 22990, 'PUESTO DE FIERRO', 5227, 14)","('Cordoba', 25552, 'PIEDRITA BLANCA', 5271, 14)","('Cordoba', 24695, 'RIO SECO', 5284, 14)","('Cordoba', 16230, 'RIO SEGUNDO', 5960, 14)","('Cordoba', 23527, 'SAN PEDRO', 5249, 14)","('Cordoba', 16236, 'SAN PEDRO', 5871, 14)","('Cordoba', 27621, 'SAN PEDRO DE SAN ALBERTO', 5871, 14)","('Cordoba', 25221, 'SAN PEDRO DE TOYOS', 5201, 14)","('Cordoba', 16314, 'SAN PEDRO NORTE', 5205, 14)","('Cordoba', 25300, 'SAN PELLEGRINO', 5221, 14)","('Cordoba', 25482, 'SAN PEDRO', 2559, 14)","('Cordoba', 24872, 'SAN RAFAEL', 5139, 14)","('Cordoba', 24154, 'SAN RAFAEL', 5960, 14)","('Cordoba', 23021, 'SAN RAMON', 5137, 14)","('Cordoba', 23529, 'SAN RAMON', 5249, 14)","('Cordoba', 25666, 'SAN ROQUE', 5149, 14)","('Cordoba', 22768, 'SAN ROQUE', 5199, 14)","('Cordoba', 25393, 'SAN ROQUE', 5227, 14)","('Cordoba', 24388, 'SAN RAFAEL', 5871, 14)","('Cordoba', 24660, 'SAN ROQUE', 5870, 14)","('Cordoba', 24194, 'SAN PABLO', 5220, 14)","('Cordoba', 24655, 'SAN NICOLAS', 5871, 14)","('Cordoba', 25406, 'SAN JOSE DEL SALTEÃ‘O', 2563, 14)","('Cordoba', 23516, 'SAN JUANCITO', 5249, 14)","('Cordoba', 25298, 'SAN LORENZO', 5221, 14)","('Cordoba', 24387, 'SAN LORENZO', 5893, 14)","('Cordoba', 22580, 'SAN LUCAS NORTE', 5837, 14)","('Cordoba', 16079, 'SAN MARCOS SIERRAS', 5282, 14)","('Cordoba', 25159, 'SAN PABLO', 5209, 14)","('Cordoba', 16335, 'SAN MARCOS SUD', 2566, 14)","('Cordoba', 25481, 'SAN MELITON', 2664, 14)","('Cordoba', 25299, 'SAN MIGUEL', 5117, 14)","('Cordoba', 25219, 'SAN MIGUEL', 5212, 14)","('Cordoba', 24649, 'SAN MIGUEL SAN VICENTE', 5871, 14)","('Cordoba', 16284, 'SAN NICOLAS', 5187, 14)","('Cordoba', 25220, 'SAN NICOLAS', 5281, 14)","('Cordoba', 23522, 'SAN MARTIN', 5249, 14)","('Cordoba', 25384, 'SAN ROQUE LAS ARRIAS', 5231, 14)","('Cordoba', 23027, 'SAN SALVADOR', 5227, 14)","('Cordoba', 25667, 'SAN SALVADOR', 5282, 14)","('Cordoba', 25301, 'SANTA LUCIA', 5229, 14)","('Cordoba', 24766, 'SANTA MAGDALENA', 6127, 14)","('Cordoba', 25484, 'SANTA MARIA', 2651, 14)","('Cordoba', 25302, 'SANTA MARIA', 5236, 14)","('Cordoba', 24416, 'SANTA MARIA', 5889, 14)","('Cordoba', 16169, 'SANTA MARIA DE PUNILLA', 5164, 14)","('Cordoba', 25673, 'SANTA ISABEL', 5282, 14)","('Cordoba', 25163, 'SANTA MARIA DE SOBREMONTE', 5209, 14)","('Cordoba', 24873, 'SANTA RITA', 2413, 14)","('Cordoba', 25021, 'SANTA RITA', 5189, 14)","('Cordoba', 25223, 'SANTA RITA', 5200, 14)","('Cordoba', 24394, 'SANTA RITA', 5893, 14)","('Cordoba', 25674, 'SANTA ROSA', 5166, 14)","('Cordoba', 23207, 'EL PANTANILLO', 5246, 14)","('Cordoba', 22772, 'SANTA MONICA', 5197, 14)","('Cordoba', 23546, 'SANTA ISABEL', 5249, 14)","('Cordoba', 16123, 'SANTA EUFEMIA', 2671, 14)","('Cordoba', 23542, 'SANTA ELENA', 5246, 14)","('Cordoba', 24391, 'SAN SEBASTIAN', 5889, 14)","('Cordoba', 25483, 'SAN VICENTE', 2550, 14)","('Cordoba', 25222, 'SAN VICENTE', 5200, 14)","('Cordoba', 24392, 'SAN VICENTE', 5871, 14)","('Cordoba', 24884, 'SANABRIA', 5901, 14)","('Cordoba', 25162, 'SANTA ANA', 5209, 14)","('Cordoba', 24699, 'SANTA ANA', 5284, 14)","('Cordoba', 25764, 'SANTA CATALINA', 5221, 14)","('Cordoba', 23535, 'SANTA CATALINA', 5248, 14)","('Cordoba', 16195, 'SANTA CATALINA', 5825, 14)","('Cordoba', 25769, 'SANTA CECILIA', 2561, 14)","('Cordoba', 25539, 'SANTA CLARA', 6123, 14)","('Cordoba', 25541, 'SANTA CRISTINA', 6134, 14)","('Cordoba', 25385, 'SANTA CRUZ', 5201, 14)","('Cordoba', 24196, 'SANTA ELENA', 5131, 14)","('Cordoba', 16313, 'SAN JOSE DE LAS SALINAS', 5216, 14)","('Cordoba', 22571, 'RIO SECO', 5801, 14)","('Cordoba', 16312, 'SAN JOSE DE LA DORMIDA', 5244, 14)","('Cordoba', 16249, 'SAN JOSE', 5871, 14)","('Cordoba', 25216, 'SAJON', 5200, 14)","('Cordoba', 16144, 'SALADILLO', 2587, 14)","('Cordoba', 16051, 'SALDAN', 5149, 14)","('Cordoba', 25536, 'SALGUERO', 6120, 14)","('Cordoba', 16146, 'SALSACATE', 5295, 14)","('Cordoba', 16070, 'SALSIPUEDES', 5113, 14)","('Cordoba', 16143, 'SAIRA', 2525, 14)","('Cordoba', 24629, 'SALTO', 5873, 14)","('Cordoba', 16042, 'SAN AGUSTIN', 5191, 14)","('Cordoba', 22574, 'SAN AMBROSIO', 5848, 14)","('Cordoba', 25003, 'SAN ANTONIO', 5121, 14)","('Cordoba', 24696, 'SAN ANTONIO', 5281, 14)","('Cordoba', 24631, 'SAN ANTONIO', 5870, 14)","('Cordoba', 16167, 'SAN ANTONIO DE ARREDONDO', 5153, 14)","('Cordoba', 16193, 'SAMPACHO', 5829, 14)","('Cordoba', 25294, 'SAN ANTONIO DE BELLA VISTA', 5236, 14)","('Cordoba', 24628, 'SAGRADA FAMILIA', 5875, 14)","('Cordoba', 16410, 'SACANTA', 5945, 14)","('Cordoba', 16302, 'RIO TERCERO', 5850, 14)","('Cordoba', 23500, 'RIO VIEJO', 5249, 14)","('Cordoba', 25156, 'RODEITO', 5209, 14)","('Cordoba', 22906, 'RODEO DE LOS CABALLOS', 5821, 14)","('Cordoba', 24627, 'RODEO DE PIEDRA', 5875, 14)","('Cordoba', 22762, 'RODEO LAS YEGUAS', 5821, 14)","('Cordoba', 25698, 'SAGRADA FAMILIA', 5297, 14)","('Cordoba', 22573, 'RODEO VIEJO', 5801, 14)","('Cordoba', 16152, 'ROSALES', 6128, 14)","('Cordoba', 25535, 'RUIZ DIAZ DE GUZMAN', 6120, 14)","('Cordoba', 25560, 'RUMIACO', 5289, 14)","('Cordoba', 25562, 'RUMIHUASI', 5285, 14)","('Cordoba', 24185, 'RUTA 111 KILOMETRO 14', 5101, 14)","('Cordoba', 24186, 'RUTA 19 KILOMETRO 317', 5125, 14)","('Cordoba', 25377, 'ROJAS', 5246, 14)","('Cordoba', 16334, 'SAN ANTONIO DE LITIN', 2559, 14)","('Cordoba', 24883, 'SAN ANTONIO DE YUCAT', 5936, 14)","('Cordoba', 25007, 'SAN ANTONIO NORTE', 5119, 14)","('Cordoba', 23513, 'SAN IGNACIO', 5248, 14)","('Cordoba', 24192, 'SAN ISIDRO', 5220, 14)","('Cordoba', 24697, 'SAN ISIDRO', 5281, 14)","('Cordoba', 24634, 'SAN ISIDRO', 5875, 14)","('Cordoba', 24635, 'SAN JAVIER', 5875, 14)","('Cordoba', 27673, 'SAN JERONIMO', 5297, 14)","('Cordoba', 22765, 'SAN IGNACIO', 5199, 14)","('Cordoba', 24145, 'SAN JERONIMO', 5963, 14)","('Cordoba', 25296, 'SAN JORGE', 5117, 14)","('Cordoba', 25480, 'SAN JOSE', 2563, 14)","('Cordoba', 25665, 'SAN JOSE', 5166, 14)","('Cordoba', 25382, 'SAN JOSE', 5216, 14)","('Cordoba', 25297, 'SAN JOSE', 5242, 14)","('Cordoba', 24698, 'SAN JOSE', 5281, 14)","('Cordoba', 25538, 'SAN JOAQUIN', 6123, 14)","('Cordoba', 25664, 'SAN IGNACIO', 5182, 14)","('Cordoba', 25380, 'SAN GERONIMO', 5297, 14)","('Cordoba', 25378, 'SAN GABRIEL', 5244, 14)","('Cordoba', 23503, 'SAN BARTOLO', 5249, 14)","('Cordoba', 22576, 'SAN BARTOLOME', 5801, 14)","('Cordoba', 16194, 'SAN BASILIO', 5841, 14)","('Cordoba', 25217, 'SAN BERNARDO', 5201, 14)","('Cordoba', 22578, 'SAN BERNARDO', 5848, 14)","('Cordoba', 25663, 'SAN BUENAVENTURA', 5164, 14)","('Cordoba', 25479, 'SAN CARLOS', 2572, 14)","('Cordoba', 25218, 'SAN CARLOS', 5212, 14)","('Cordoba', 16145, 'SAN CARLOS', 5291, 14)","('Cordoba', 16283, 'SAN CLEMENTE', 5187, 14)","('Cordoba', 24187, 'SAN CRISTOBAL', 5107, 14)","('Cordoba', 16168, 'SAN ESTEBAN', 5182, 14)","('Cordoba', 25768, 'SAN EUSEBIO', 2561, 14)","('Cordoba', 16405, 'SAN FRANCISCO', 2400, 14)","('Cordoba', 16291, 'SAN FRANCISCO DEL CHAÃ‘AR', 5209, 14)","('Cordoba', 24150, 'SAN JOSE', 5961, 14)","('Cordoba', 24558, 'LAS TINAJERAS', 5284, 14)","('Cordoba', 25659, 'PIEDRAS GRANDES', 5172, 14)","('Cordoba', 25551, 'PIEDRAS ANCHAS', 5291, 14)","('Cordoba', 24347, 'LOS MOLLES', 5887, 14)","('Cordoba', 25122, 'LOS MORTEROS', 5214, 14)","('Cordoba', 24985, 'LOS OLIVARES', 5101, 14)","('Cordoba', 24593, 'LOS PANTALLES', 5284, 14)","('Cordoba', 24104, 'LOS PANTANILLOS', 5125, 14)","('Cordoba', 24987, 'LOS PARAISOS', 5187, 14)","('Cordoba', 24619, 'LOS MOLLES', 5885, 14)","('Cordoba', 25649, 'LOS PAREDONES', 5282, 14)","('Cordoba', 24595, 'LOS PIQUILLINES', 5201, 14)","('Cordoba', 24165, 'LOS POCITOS', 5145, 14)","('Cordoba', 23316, 'LOS POCITOS', 5249, 14)","('Cordoba', 25198, 'LOS POTREROS', 5850, 14)","('Cordoba', 25128, 'LOS POZOS', 5212, 14)","('Cordoba', 22922, 'LOS POZOS', 5225, 14)","('Cordoba', 25125, 'LOS PEDERNALES', 5212, 14)","('Cordoba', 25365, 'LOS POZOS', 5244, 14)","('Cordoba', 25471, 'LOS MOLLES', 2561, 14)","('Cordoba', 25648, 'LOS MOGOTES', 5182, 14)","('Cordoba', 24588, 'LOS HORMIGUEROS', 5281, 14)","('Cordoba', 16245, 'LOS HORNILLOS', 5885, 14)","('Cordoba', 23313, 'LOS HOYOS', 5249, 14)","('Cordoba', 24345, 'LOS HUESOS', 5153, 14)","('Cordoba', 22530, 'LOS JAGUELES', 5839, 14)","('Cordoba', 23314, 'LOS JUSTES', 5249, 14)","('Cordoba', 16040, 'LOS MOLINOS', 5189, 14)","('Cordoba', 24618, 'LOS MANGUITOS', 5873, 14)","('Cordoba', 25685, 'LOS MEDANITOS', 5871, 14)","('Cordoba', 22532, 'LOS MEDANOS', 5815, 14)","('Cordoba', 22920, 'LOS MIGUELITOS', 5137, 14)","('Cordoba', 25116, 'LOS MIQUILES', 5221, 14)","('Cordoba', 25281, 'LOS MISTOLES', 5229, 14)","('Cordoba', 24591, 'LOS MISTOLES', 5281, 14)","('Cordoba', 22919, 'LOS MANSILLAS', 5127, 14)","('Cordoba', 23356, 'LOS POZOS', 5249, 14)","('Cordoba', 24620, 'LOS POZOS', 5870, 14)","('Cordoba', 25650, 'LOS PUENTES', 5158, 14)","('Cordoba', 16100, 'LOS ZORROS', 5901, 14)","('Cordoba', 16279, 'LOZADA', 5101, 14)","('Cordoba', 16101, 'LUCA', 5917, 14)","('Cordoba', 16311, 'LUCIO V MANSILLA', 5216, 14)","('Cordoba', 24833, 'LUIS SAUZE', 2423, 14)","('Cordoba', 16224, 'LUQUE', 5967, 14)","('Cordoba', 24173, 'LOS VAZQUEZ', 5125, 14)","('Cordoba', 22741, 'LUTTI', 5859, 14)","('Cordoba', 16246, 'LUYABA', 5875, 14)","('Cordoba', 25283, 'MACHA', 5211, 14)","('Cordoba', 24603, 'MAJADA DE SANTIAGO', 5287, 14)","('Cordoba', 25368, 'MAJADILLA', 5203, 14)","('Cordoba', 25142, 'MAJADILLA', 5209, 14)","('Cordoba', 16280, 'MALAGUEÃ‘O', 5101, 14)","('Cordoba', 16372, 'LUXARDO', 2411, 14)","('Cordoba', 24600, 'LOS VALDES', 5270, 14)","('Cordoba', 25473, 'LOS UCLES', 2559, 14)","('Cordoba', 23369, 'LOS TRONCOS', 5246, 14)","('Cordoba', 25130, 'LOS PUESTITOS', 5200, 14)","('Cordoba', 24171, 'LOS QUEBRACHITOS', 5221, 14)","('Cordoba', 23361, 'LOS QUEBRACHOS', 5246, 14)","('Cordoba', 22739, 'LOS REARTES', 5194, 14)","('Cordoba', 24878, 'LOS REYUNOS', 5925, 14)","('Cordoba', 25137, 'LOS RUICES', 5201, 14)","('Cordoba', 24597, 'LOS SAUCES', 5282, 14)","('Cordoba', 25144, 'LOS SOCABONES', 5214, 14)","('Cordoba', 16140, 'LOS SURGENTES', 2581, 14)","('Cordoba', 23366, 'LOS TAJAMARES', 5233, 14)","('Cordoba', 27678, 'LOS TALARES', 5299, 14)","('Cordoba', 25149, 'LOS TARTAGOS', 5218, 14)","('Cordoba', 25472, 'LOS TASIS', 2559, 14)","('Cordoba', 25651, 'LOS TERRONES', 5184, 14)","('Cordoba', 22536, 'LOS TRES POZOS', 5851, 14)","('Cordoba', 25647, 'LOS HELECHOS', 5168, 14)","('Cordoba', 16444, 'MALENA', 5839, 14)","('Cordoba', 22916, 'LOS GUINDOS', 5127, 14)","('Cordoba', 25645, 'LOS GIGANTES', 5155, 14)","('Cordoba', 25362, 'LOMA DE PIEDRA', 5244, 14)","('Cordoba', 22711, 'LOMA REDONDA', 5299, 14)","('Cordoba', 22890, 'LOMAS DEL TROZO', 5137, 14)","('Cordoba', 25135, 'LOMITAS', 5209, 14)","('Cordoba', 24615, 'LOMITAS', 5875, 14)","('Cordoba', 25364, 'LOS ALAMOS', 5244, 14)","('Cordoba', 24614, 'LOMA BOLA', 5879, 14)","('Cordoba', 24781, 'LOS ALFALFARES', 6275, 14)","('Cordoba', 22894, 'LOS ALGARROBITOS', 5225, 14)","('Cordoba', 24560, 'LOS ALGARROBITOS', 5281, 14)","('Cordoba', 24980, 'LOS ALGARROBOS', 5189, 14)","('Cordoba', 24339, 'LOS ALGARROBOS', 5887, 14)","('Cordoba', 22899, 'LOS ALVAREZ', 5133, 14)","('Cordoba', 22904, 'LOS AVILES', 5137, 14)","('Cordoba', 24831, 'LOS ALGARROBITOS', 2432, 14)","('Cordoba', 25537, 'LOS BARRIALES', 5291, 14)","('Cordoba', 25133, 'LOMA BLANCA', 5209, 14)","('Cordoba', 23298, 'LO MACHADO', 5246, 14)","('Cordoba', 24337, 'LAS TOSCAS', 5871, 14)","('Cordoba', 24559, 'LAS TOTORITAS', 5285, 14)","('Cordoba', 23295, 'LAS TRANCAS', 5246, 14)","('Cordoba', 24613, 'LAS TRES PIEDRAS', 5879, 14)","('Cordoba', 25095, 'LAS TUSCAS', 5218, 14)","('Cordoba', 25644, 'LAS VAQUERIAS', 5184, 14)","('Cordoba', 25097, 'LOBERA', 5201, 14)","('Cordoba', 16414, 'LAS VARAS', 5941, 14)","('Cordoba', 16190, 'LAS VERTIENTES', 5839, 14)","('Cordoba', 24147, 'LAS VERTIENTES DE LA GRANJA', 5107, 14)","('Cordoba', 25400, 'LATAN HALL', 2625, 14)","('Cordoba', 24778, 'LECUEDER', 6273, 14)","('Cordoba', 25531, 'LEGUIZAMON', 6128, 14)","('Cordoba', 16139, 'LEONES', 2594, 14)","('Cordoba', 16406, 'LAS VARILLAS', 5940, 14)","('Cordoba', 25138, 'LOS BORDOS', 5209, 14)","('Cordoba', 25100, 'LOS BRINZES', 5201, 14)","('Cordoba', 25102, 'LOS CADILLOS', 5214, 14)","('Cordoba', 24160, 'LOS CIGARRALES', 5107, 14)","('Cordoba', 25284, 'LOS CISNES', 2684, 14)","('Cordoba', 16166, 'LOS COCOS', 5182, 14)","('Cordoba', 23311, 'LOS COCOS', 5246, 14)","('Cordoba', 22888, 'LOS COCOS', 5821, 14)","('Cordoba', 25280, 'LOS COMETIERRA', 5221, 14)","('Cordoba', 24617, 'LOS CHAÃ‘ARITOS', 5873, 14)","('Cordoba', 16039, 'LOS CONDORES', 5823, 14)","('Cordoba', 24832, 'LOS DESAGUES', 2421, 14)","('Cordoba', 25682, 'LOS DOS POZOS', 5871, 14)","('Cordoba', 24240, 'LOS DOS RIOS', 5220, 14)","('Cordoba', 24242, 'LOS DURAZNOS', 5220, 14)","('Cordoba', 24567, 'LOS ESLABONES', 5270, 14)","('Cordoba', 24784, 'LOS GAUCHOS DE GUEMES', 6127, 14)","('Cordoba', 25112, 'LOS COQUITOS', 5201, 14)","('Cordoba', 24564, 'LOS CHAÃ‘ARITOS', 5281, 14)","('Cordoba', 24103, 'LOS CHAÃ‘ARITOS', 5125, 14)","('Cordoba', 24616, 'LOS CHAÃ‘ARES', 5873, 14)","('Cordoba', 23299, 'LOS CAJONES', 5246, 14)","('Cordoba', 24151, 'LOS CALLEJONES', 5220, 14)","('Cordoba', 24342, 'LOS CALLEJONES', 5871, 14)","('Cordoba', 22908, 'LOS CASTAÃ‘OS', 5137, 14)","('Cordoba', 27683, 'LOS CEDROS', 5101, 14)","('Cordoba', 25105, 'LOS CEJAS', 5201, 14)","('Cordoba', 24982, 'LOS CERRILLOS', 5101, 14)","('Cordoba', 25140, 'LOS CERRILLOS', 5209, 14)","('Cordoba', 23300, 'LOS CERRILLOS', 5246, 14)","('Cordoba', 16244, 'LOS CERRILLOS', 5871, 14)","('Cordoba', 22913, 'LOS CERROS', 5137, 14)","('Cordoba', 22738, 'LOS CERROS NEGROS', 5821, 14)","('Cordoba', 22914, 'LOS CHAÃ‘ARES', 5133, 14)","('Cordoba', 25108, 'LOS CHAÃ‘ARES', 5212, 14)","('Cordoba', 24156, 'LOS CHAÃ‘ARES', 5220, 14)","('Cordoba', 25646, 'LOS GUEVARA', 5282, 14)","('Cordoba', 25658, 'PIEDRAS BLANCAS', 5174, 14)","('Cordoba', 25652, 'MALLIN', 5155, 14)","('Cordoba', 25287, 'MANANTIALES', 2671, 14)","('Cordoba', 16331, 'ORDOÃ‘EZ', 2555, 14)","('Cordoba', 24677, 'ORO GRUESO', 5287, 14)","('Cordoba', 25477, 'OVERA NEGRA', 5951, 14)","('Cordoba', 24360, 'PACHANGO', 5893, 14)","('Cordoba', 27601, 'PACHECO DE MELO', 6121, 14)","('Cordoba', 24180, 'PAJAS BLANCAS', 5111, 14)","('Cordoba', 25160, 'ORCOSUNI', 5214, 14)","('Cordoba', 25549, 'PAJONAL', 5291, 14)","('Cordoba', 24679, 'PALO LABRADO', 5281, 14)","('Cordoba', 24109, 'PALO NEGRO', 5961, 14)","('Cordoba', 24680, 'PALO PARADO', 5281, 14)","('Cordoba', 24681, 'PALO QUEMADO', 5284, 14)","('Cordoba', 24682, 'PALOMA POZO', 5284, 14)","('Cordoba', 24362, 'PAMPA DE ACHALA', 5153, 14)","('Cordoba', 24678, 'PALO CORTADO', 5280, 14)","('Cordoba', 25654, 'PAMPA DE OLAEN', 5166, 14)","('Cordoba', 24106, 'ORATORIO DE PERALTA', 5125, 14)","('Cordoba', 16227, 'ONCATIVO', 5986, 14)","('Cordoba', 22930, 'NUEVA ANDALUCIA', 5101, 14)","('Cordoba', 24676, 'NUEVA ESPERANZA', 5280, 14)","('Cordoba', 24178, 'NUÃ‘EZ DEL PRADO', 5131, 14)","('Cordoba', 16209, 'OBISPO TREJO', 5225, 14)","('Cordoba', 24993, 'OBREGON', 5189, 14)","('Cordoba', 24179, 'OJO DE AGUA', 5220, 14)","('Cordoba', 25158, 'ONGAMIRA', 5184, 14)","('Cordoba', 25548, 'OJO DE AGUA', 5293, 14)","('Cordoba', 25540, 'OJO DE AGUA DE TOTOX', 5293, 14)","('Cordoba', 16121, 'OLAETA', 5807, 14)","('Cordoba', 16299, 'OLIVA', 5980, 14)","('Cordoba', 24719, 'OLIVARES SAN NICOLAS', 5280, 14)","('Cordoba', 25290, 'OLMOS', 2684, 14)","('Cordoba', 27637, 'ONAGOITY', 6227, 14)","('Cordoba', 24359, 'OJO DE AGUA', 5887, 14)","('Cordoba', 16300, 'PAMPAYASTA NORTE', 5931, 14)","('Cordoba', 16301, 'PAMPAYASTA SUR', 5931, 14)","('Cordoba', 24368, 'PANAHOLMA', 5893, 14)","('Cordoba', 25305, 'PEDRO E FUNES', 2671, 14)","('Cordoba', 22934, 'PEDRO E VIVAS', 5127, 14)","('Cordoba', 22558, 'PERMANENTES', 5801, 14)","('Cordoba', 22745, 'PERMANENTES', 5821, 14)","('Cordoba', 24684, 'PICHANAS', 5284, 14)","('Cordoba', 24261, 'PIEDRA BLANCA', 5285, 14)","('Cordoba', 23126, 'PEDANIA CANDELARIA SUD', 5233, 14)","('Cordoba', 22560, 'PIEDRA BLANCA', 5801, 14)","('Cordoba', 25656, 'PIEDRA GRANDE', 5168, 14)","('Cordoba', 25657, 'PIEDRA MOVEDIZA', 5174, 14)","('Cordoba', 16247, 'PIEDRA PINTADA', 5871, 14)","('Cordoba', 24685, 'PIEDRAS AMONTONADAS', 5284, 14)","('Cordoba', 25401, 'PIEDRAS ANCHAS', 2645, 14)","('Cordoba', 24686, 'PIEDRAS ANCHAS', 5284, 14)","('Cordoba', 24411, 'PIEDRA BLANCA', 5887, 14)","('Cordoba', 25295, 'PAVIN', 6121, 14)","('Cordoba', 24881, 'PAUNERO', 5738, 14)","('Cordoba', 25292, 'PASTOS ALTOS', 5807, 14)","('Cordoba', 25655, 'PARQUE SIQUIMAN', 5158, 14)","('Cordoba', 16332, 'PASCANAS', 2679, 14)","('Cordoba', 16102, 'PASCO', 5925, 14)","('Cordoba', 22550, 'PASO CABRAL', 5817, 14)","('Cordoba', 24181, 'PASO CASTELLANOS', 5145, 14)","('Cordoba', 24838, 'PASO DE LOS GALLEGOS', 2433, 14)","('Cordoba', 24683, 'PASO DE MONTOYA', 5284, 14)","('Cordoba', 24115, 'PASO DE VELEZ', 5972, 14)","('Cordoba', 22556, 'PASO DEL DURAZNO', 5803, 14)","('Cordoba', 22932, 'PASO DEL SAUCE', 5101, 14)","('Cordoba', 23371, 'PASO DEL SILVERIO', 5246, 14)","('Cordoba', 25550, 'PASO GRANDE', 5291, 14)","('Cordoba', 24370, 'PASO LAS TROPAS', 5887, 14)","('Cordoba', 22744, 'PASO SANDIALITO', 5819, 14)","('Cordoba', 16078, 'PASO VIEJO', 5284, 14)","('Cordoba', 24177, 'Ã‘U PORA', 5111, 14)","('Cordoba', 16066, 'MALVINAS ARGENTINAS', 5125, 14)","('Cordoba', 16234, 'NONO', 5887, 14)","('Cordoba', 24176, 'NINTES', 5220, 14)","('Cordoba', 16067, 'MENDIOLAZA', 5107, 14)","('Cordoba', 24611, 'MESA DE MARIANO', 5285, 14)","('Cordoba', 24349, 'MESILLAS', 5153, 14)","('Cordoba', 16068, 'MI GRANJA', 5125, 14)","('Cordoba', 24989, 'MI VALLE', 5101, 14)","('Cordoba', 25533, 'MIGUEL SALAS', 6128, 14)","('Cordoba', 16150, 'MELO', 6123, 14)","('Cordoba', 22928, 'MIGUELITO', 5225, 14)","('Cordoba', 16233, 'MINA CLAVERO', 5889, 14)","('Cordoba', 25542, 'MINA LA BISMUTINA', 5291, 14)","('Cordoba', 25152, 'MIQUILOS', 5221, 14)","('Cordoba', 25369, 'MIRAFLORES', 5244, 14)","('Cordoba', 25543, 'MIRAFLORES', 5272, 14)","('Cordoba', 25488, 'MIRAMAR', 5143, 14)","('Cordoba', 24351, 'MINA ARAUJO', 5297, 14)","('Cordoba', 24788, 'MODESTINO PIZARRO', 6273, 14)","('Cordoba', 24786, 'MELIDEO', 6270, 14)","('Cordoba', 24174, 'MEDIA LUNA', 5125, 14)","('Cordoba', 25143, 'MANANTIALES', 5209, 14)","('Cordoba', 24605, 'MANDALA', 5284, 14)","('Cordoba', 16225, 'MANFREDI', 5988, 14)","('Cordoba', 24621, 'MANGUITAS', 5873, 14)","('Cordoba', 22926, 'MAQUINISTA GALLINI', 5227, 14)","('Cordoba', 22742, 'MAR AZUL', 5199, 14)","('Cordoba', 24608, 'MEDIA NARANJA', 5281, 14)","('Cordoba', 16141, 'MARCOS JUAREZ', 2580, 14)","('Cordoba', 16413, 'MARULL', 5139, 14)","('Cordoba', 25474, 'MATACOS', 2659, 14)","('Cordoba', 16226, 'MATORRALES', 5965, 14)","('Cordoba', 16086, 'MATTALDI', 6271, 14)","('Cordoba', 24834, 'MAUNIER', 2421, 14)","('Cordoba', 16424, 'MAYU SUMAJ', 5153, 14)","('Cordoba', 24879, 'MARIA', 5925, 14)","('Cordoba', 22902, 'MODESTO ACUÃ‘A', 5823, 14)","('Cordoba', 25687, 'MOGIGASTA', 5891, 14)","('Cordoba', 25544, 'MOGOTE VERDE', 5291, 14)","('Cordoba', 24105, 'MONTE REDONDO', 5963, 14)","('Cordoba', 16329, 'MORRISON', 2568, 14)","('Cordoba', 16409, 'MORTEROS', 2421, 14)","('Cordoba', 25147, 'MOVADO', 5209, 14)","('Cordoba', 24175, 'MULA MUERTA', 5221, 14)","('Cordoba', 24355, 'MUSSI', 5299, 14)","('Cordoba', 24354, 'MONTE REDONDO', 5889, 14)","('Cordoba', 25150, 'NAVARRO', 5209, 14)","('Cordoba', 24612, 'NEGRO HUASI', 5280, 14)","('Cordoba', 24622, 'NICHO', 5870, 14)","('Cordoba', 16087, 'NICOLAS BRUZONE', 6271, 14)","('Cordoba', 24356, 'NIDO DEL AGUILA', 5889, 14)","('Cordoba', 24357, 'NIÃ‘A PAULA', 5889, 14)","('Cordoba', 25546, 'NINALQUIN', 5291, 14)","('Cordoba', 24790, 'NAZCA', 6270, 14)","('Cordoba', 24836, 'MONTE REDONDO', 2423, 14)","('Cordoba', 16281, 'MONTE RALO', 5119, 14)","('Cordoba', 16328, 'MONTE MAIZ', 2659, 14)","('Cordoba', 25653, 'MOLINARI', 5166, 14)","('Cordoba', 25154, 'MOLINOS', 5212, 14)","('Cordoba', 22743, 'MONSALVO', 5851, 14)","('Cordoba', 16142, 'MONTE BUEY', 2589, 14)","('Cordoba', 25475, 'MONTE CASTILLO', 2563, 14)","('Cordoba', 16208, 'MONTE CRISTO', 5125, 14)","('Cordoba', 16191, 'MONTE DE LOS GAUCHOS', 5831, 14)","('Cordoba', 24880, 'MONTE DE LOS LAZOS', 5900, 14)","('Cordoba', 22929, 'MONTE DE TORO PUJIO', 5135, 14)","('Cordoba', 25199, 'MONTE DEL FRAYLE', 5931, 14)","('Cordoba', 27677, 'MONTE DEL ROSARIO', 5129, 14)","('Cordoba', 24835, 'MONTE GRANDE', 2417, 14)","('Cordoba', 24991, 'MONTE GRANDE RAFAEL GARCIA', 5119, 14)","('Cordoba', 22543, 'MONTE LA INVERNADA', 5801, 14)","('Cordoba', 25476, 'MONTE LEÃ‘A', 2564, 14)","('Cordoba', 16330, 'NOETINGER', 2563, 14)","('Cordoba', 25392, 'EL PANAL', 2580, 14)","('Cordoba', 25485, 'SANTA ROSA', 5913, 14)","('Cordoba', 25457, 'EL OVERO', 2563, 14)","('Cordoba', 22569, 'AMBOY', 5199, 14)","('Cordoba', 16254, 'ALTOS DE CHIPION', 2417, 14)","('Cordoba', 25317, 'ALTO VERDE', 5205, 14)","('Cordoba', 24566, 'ALTO RESBALOSO', 5885, 14)","('Cordoba', 24190, 'ALTO GRANDE', 5893, 14)","('Cordoba', 22567, 'ALTO DEL TALA', 5295, 14)","('Cordoba', 24916, 'ALTO DEL DURAZNO', 5119, 14)","('Cordoba', 25563, 'ALTO DE SAN PEDRO', 5174, 14)","('Cordoba', 24363, 'ALTO DE LOS QUEBRACHOS', 5281, 14)","('Cordoba', 24563, 'ALTO DE LAS MULAS', 5875, 14)","('Cordoba', 25316, 'ALTO DE FLORES', 5203, 14)","('Cordoba', 24909, 'ALTO DE FIERRO', 5119, 14)","('Cordoba', 23570, 'ALTO DE CASTILLO', 5145, 14)","('Cordoba', 25561, 'ALTO CASTRO', 5182, 14)","('Cordoba', 16316, 'ALTO ALEGRE', 5907, 14)","('Cordoba', 24906, 'ALTO ALEGRE', 5121, 14)","('Cordoba', 24189, 'ALTAUTINA', 5871, 14)","('Cordoba', 16274, 'ALTA GRACIA', 5186, 14)","('Cordoba', 25706, 'ALPAPUCA', 5813, 14)","('Cordoba', 25705, 'ALPA CORRAL', 5801, 14)","('Cordoba', 16292, 'ALMAFUERTE', 5854, 14)","('Cordoba', 24191, 'AMBUL', 5299, 14)","('Cordoba', 16253, 'ALICIA', 5949, 14)","('Cordoba', 25417, 'ANA ZUMARAN', 5905, 14)","('Cordoba', 23574, 'ANIMI', 5107, 14)","('Cordoba', 22583, 'ARROYO TOLEDO', 5819, 14)","('Cordoba', 22579, 'ARROYO SECO', 5196, 14)","('Cordoba', 22575, 'ARROYO SANTANA', 5819, 14)","('Cordoba', 25707, 'ARROYO SANTA CATALINA', 5825, 14)","('Cordoba', 22572, 'ARROYO SAN ANTONIO', 5859, 14)","('Cordoba', 24197, 'ARROYO LOS PATOS', 5889, 14)","('Cordoba', 24195, 'ARROYO LA HIGUERA', 5889, 14)","('Cordoba', 24837, 'ARROYO DEL PINO', 5901, 14)","('Cordoba', 24727, 'ARROYO DE ALVAREZ', 2434, 14)","('Cordoba', 16092, 'ARROYO CABRAL', 5917, 14)","('Cordoba', 16091, 'ARROYO ALGODON', 5909, 14)","('Cordoba', 24193, 'ARROYO', 5297, 14)","('Cordoba', 16255, 'ARROYITO', 2434, 14)","('Cordoba', 23095, 'AROMITO', 2341, 14)","('Cordoba', 16127, 'ARIAS', 2624, 14)","('Cordoba', 24408, 'ARCOYO', 5297, 14)","('Cordoba', 24570, 'ARBOLES BLANCOS', 5873, 14)","('Cordoba', 24726, 'ARBOL CHATO', 2432, 14)","('Cordoba', 25318, 'ARBOL BLANCO', 5216, 14)","('Cordoba', 24743, 'ANTONIO CATALANO', 6271, 14)","('Cordoba', 16276, 'ANISACATE', 5189, 14)","('Cordoba', 25564, 'ANGOSTURA', 5155, 14)","('Cordoba', 24893, 'ALGARROBO', 5221, 14)","('Cordoba', 24188, 'ALGARROBAL', 5885, 14)","('Cordoba', 16126, 'ALEJO LEDESMA', 2662, 14)","('Cordoba', 24886, 'SANTA VICTORIA', 2675, 14)","('Cordoba', 23552, 'SANTANILLA', 5248, 14)","('Cordoba', 16231, 'SANTIAGO TEMPLE', 5125, 14)","('Cordoba', 25164, 'SANTO DOMINGO', 5209, 14)","('Cordoba', 24396, 'SANTO DOMINGO', 5871, 14)","('Cordoba', 24201, 'SANTO TOMAS', 5220, 14)","('Cordoba', 25567, 'SAPANSOTO', 5291, 14)","('Cordoba', 22778, 'SARLACO', 5196, 14)","('Cordoba', 24887, 'SARMICA', 5925, 14)","('Cordoba', 16423, 'SARMIENTO', 5212, 14)","('Cordoba', 16412, 'SATURNINO M LASPIUR', 5943, 14)","('Cordoba', 25678, 'SAUCE ARRIBA', 5182, 14)","('Cordoba', 27682, 'SAUCE ARRIBA', 5871, 14)","('Cordoba', 25224, 'SAUCE CHIQUITO', 5200, 14)","('Cordoba', 25494, 'SAUCE DE LOS QUEVEDOS', 5297, 14)","('Cordoba', 25225, 'SAUCE PUNCO', 5200, 14)","('Cordoba', 16215, 'SEBASTIAN ELCANO', 5231, 14)","('Cordoba', 16370, 'SEEBER', 2419, 14)","('Cordoba', 22782, 'SEGUNDA USINA', 5857, 14)","('Cordoba', 24700, 'SENDAS GRANDES', 5284, 14)","('Cordoba', 16153, 'SERRANO', 6125, 14)","('Cordoba', 24198, 'SANTA TERESA', 5221, 14)","('Cordoba', 25303, 'SANTA SABINA', 5221, 14)","('Cordoba', 24764, 'EL PAMPERO', 6273, 14)","('Cordoba', 16212, 'SANTA ROSA DE RIO PRIMERO', 5133, 14)","('Cordoba', 16113, 'ALEJANDRO ROCA', 2686, 14)","('Cordoba', 16180, 'ALCIRA ESTACION GIGENA', 5813, 14)","('Cordoba', 23565, 'AGUASACHA', 5221, 14)","('Cordoba', 25495, 'AGUAS DE RAMON', 5284, 14)","('Cordoba', 25073, 'AGUADITA', 5209, 14)","('Cordoba', 25070, 'AGUADA DEL MONTE', 5209, 14)","('Cordoba', 24892, 'AGUA PINTADA', 5212, 14)","('Cordoba', 25314, 'AGUA HEDIONDA', 5216, 14)","('Cordoba', 25312, 'AGUA DEL TALA', 5243, 14)","('Cordoba', 25559, 'AGUA DE TALA', 5155, 14)","('Cordoba', 25708, 'ARSENAL JOSE MARIA ROJAS', 5825, 14)","('Cordoba', 23092, 'AGUA DE ORO', 5248, 14)","('Cordoba', 25230, 'AGUA DE LAS PIEDRAS', 5221, 14)","('Cordoba', 24361, 'AGUA DE CRESPIN', 5285, 14)","('Cordoba', 16179, 'ADELIA MARIA', 5843, 14)","('Cordoba', 25593, 'ACOSTILLA', 5871, 14)","('Cordoba', 25311, 'ACOLLARADO', 5216, 14)","('Cordoba', 24561, 'ACHIRAS', 5875, 14)","('Cordoba', 16178, 'ACHIRAS', 5833, 14)","('Cordoba', 23338, 'ABBURRA', 5220, 14)","('Cordoba', 25493, '9 DE JULIO', 5272, 14)","('Cordoba', 16043, 'SANTA ROSA DE CALAMUCHITA', 5196, 14)","('Cordoba', 16054, 'AGUA DE ORO', 5107, 14)","('Cordoba', 23577, 'ASCOCHINGA', 5117, 14)","('Cordoba', 25260, 'ASSUNTA', 2671, 14)","('Cordoba', 25486, 'ATAHONA', 5225, 14)","('Cordoba', 25571, 'CAJON DEL RIO', 5184, 14)","('Cordoba', 24373, 'CACHIYULLO', 5284, 14)","('Cordoba', 25077, 'CACHI YACO', 5209, 14)","('Cordoba', 25232, 'CABINDO', 5221, 14)","('Cordoba', 25309, 'CABEZA DE BUEY', 5229, 14)","('Cordoba', 16055, 'CABANA', 5109, 14)","('Cordoba', 16156, 'CABALANGO', 5155, 14)","('Cordoba', 24746, 'BURMEISTER', 6225, 14)","('Cordoba', 16182, 'BULNES', 5845, 14)","('Cordoba', 22677, 'BUEY MUERTO', 5135, 14)","('Cordoba', 24216, 'BUENA VISTA', 5297, 14)","('Cordoba', 25598, 'BUENA VISTA', 5295, 14)","('Cordoba', 23114, 'BUENA VISTA', 5249, 14)","('Cordoba', 24923, 'BUENA VISTA', 5121, 14)","('Cordoba', 25569, 'BUEN RETIRO', 5155, 14)","('Cordoba', 16257, 'BRINKMANN', 2419, 14)","('Cordoba', 16275, 'BOUWER', 5119, 14)","('Cordoba', 25568, 'BOSQUE ALEGRE', 5187, 14)","('Cordoba', 25075, 'BORDO DE LOS ESPINOSA', 5209, 14)","('Cordoba', 24573, 'BOCA DEL RIO', 5885, 14)","('Cordoba', 23653, 'BLAS DE ROSALES', 5125, 14)","('Cordoba', 25573, 'CALABALUMBA', 5282, 14)","('Cordoba', 25078, 'CALASUYA', 5201, 14)","('Cordoba', 16217, 'CALCHIN', 5969, 14)","('Cordoba', 16218, 'CALCHIN OESTE', 5965, 14)","('Cordoba', 23116, 'CAMPO GRANDE', 5231, 14)","('Cordoba', 25421, 'CAMPO GENERAL PAZ', 2555, 14)","('Cordoba', 25237, 'CAMPO DE LAS PIEDRAS', 5236, 14)","('Cordoba', 25709, 'CAMPO DE LA TORRE', 5801, 14)","('Cordoba', 24733, 'CAMPO COYUNDA', 5139, 14)","('Cordoba', 24732, 'CAMPO CALVO', 2423, 14)","('Cordoba', 23683, 'CAMPO BOURDICHON', 5149, 14)","('Cordoba', 24731, 'CAMPO BOERO', 2426, 14)","('Cordoba', 24730, 'CAMPO BEIRO', 2421, 14)","('Cordoba', 24729, 'CAMPO BANDILLO', 5943, 14)","('Cordoba', 16155, 'BIALET MASSE', 5158, 14)","('Cordoba', 23769, 'CAMPO AMBROGGIO', 5915, 14)","('Cordoba', 25233, 'CAMPO ALEGRE', 5221, 14)","('Cordoba', 25080, 'CAMPO ALEGRE', 5209, 14)","('Cordoba', 23669, 'CAMPAMENTO MINNETTI', 5149, 14)","('Cordoba', 23115, 'CAMOATI', 5231, 14)","('Cordoba', 24925, 'CAMINO A PUNTA DEL AGUA', 5101, 14)","('Cordoba', 16290, 'CAMINIAGA', 5244, 14)","('Cordoba', 16128, 'CAMILO ALDAO', 2585, 14)","('Cordoba', 25320, 'CAMARONES', 5205, 14)","('Cordoba', 22598, 'CALMAYO', 5191, 14)","('Cordoba', 24250, 'CALERA CENTRAL', 5151, 14)","('Cordoba', 25235, 'CAMPO ALVAREZ', 5229, 14)","('Cordoba', 16080, 'SERREZUELA', 5270, 14)","('Cordoba', 25319, 'BEUCE', 5244, 14)","('Cordoba', 16320, 'BENJAMIN GOULD', 2664, 14)","('Cordoba', 25595, 'BALDE DE LA ORILLA', 5871, 14)","('Cordoba', 24203, 'BALDE DE LA MORA', 5871, 14)","('Cordoba', 23100, 'BALBUENA', 5248, 14)","('Cordoba', 24364, 'BAJO LINDO', 5270, 14)","('Cordoba', 23098, 'BAJO HONDO', 5231, 14)","('Cordoba', 24918, 'BAJO GRANDE', 5101, 14)","('Cordoba', 23766, 'BAJO GALINDEZ', 5961, 14)","('Cordoba', 24199, 'BAJO EL MOLINO', 5887, 14)","('Cordoba', 22594, 'BAJO DEL CARMEN', 5189, 14)","('Cordoba', 25352, 'BAJO DEL BURRO', 2662, 14)","('Cordoba', 24895, 'BAJO DE OLMOS', 5221, 14)","('Cordoba', 23762, 'BAJO DE GOMEZ', 5961, 14)","('Cordoba', 22671, 'BAJO DE FERNANDEZ', 5101, 14)","('Cordoba', 22975, 'BAJO CHICO BAJO GRANDE', 5101, 14)","('Cordoba', 24913, 'BAJO CHICO', 5189, 14)","('Cordoba', 22604, 'BAJADA NUEVA', 5813, 14)","('Cordoba', 24894, 'AVELLANEDA', 5212, 14)","('Cordoba', 16093, 'AUSONIA', 5901, 14)","('Cordoba', 23582, 'AUGUSTO VANDERSANDE', 5145, 14)","('Cordoba', 22589, 'ATUMI PAMPA', 5196, 14)","('Cordoba', 22565, 'ATHOS PAMPA', 5194, 14)","('Cordoba', 24207, 'BALDE LINDO', 5871, 14)","('Cordoba', 16317, 'BALLESTEROS', 2572, 14)","('Cordoba', 16318, 'BALLESTEROS SUD', 2572, 14)","('Cordoba', 16256, 'BALNEARIA', 5141, 14)","('Cordoba', 16114, 'BENGOLEA', 5807, 14)","('Cordoba', 24371, 'BELLA VISTA', 5284, 14)","('Cordoba', 16319, 'BELL VILLE', 2550, 14)","('Cordoba', 23644, 'BELEN', 5220, 14)","('Cordoba', 25566, 'BATAN', 5155, 14)","('Cordoba', 24728, 'BARRIO MULLER', 5143, 14)","('Cordoba', 23584, 'BARRIO LOZA', 5111, 14)","('Cordoba', 25355, 'BARRIO LA FORTUNA', 2594, 14)","('Cordoba', 24572, 'BARRIO LA FERIA', 5870, 14)","('Cordoba', 25181, 'BARRIO DEL LIBERTADOR', 5850, 14)","('Cordoba', 16181, 'BERROTARAN', 5817, 14)","('Cordoba', 24920, 'BARRIO DEAN FUNES', 5123, 14)","('Cordoba', 24367, 'BARRIALITOS', 5284, 14)","('Cordoba', 24709, 'BARRIAL', 5281, 14)","('Cordoba', 23113, 'BARRETO', 5246, 14)","('Cordoba', 25261, 'BARRETO', 2671, 14)","('Cordoba', 24897, 'BARRANCA YACO', 5212, 14)","('Cordoba', 24571, 'BANDA DE VARELA', 5875, 14)","('Cordoba', 23109, 'BAÃ‘ADO DEL FUERTE', 5248, 14)","('Cordoba', 24365, 'BAÃ‘ADO DE SOTO', 5285, 14)","('Cordoba', 24212, 'BAÃ‘ADO DE PAJA', 5871, 14)","('Cordoba', 22675, 'BALNEARIO GUGLIERI', 5137, 14)","('Cordoba', 25419, 'BARRIO BELGRANO', 2550, 14)","('Cordoba', 25387, 'SEVILLA', 5205, 14)","('Cordoba', 22786, 'SIERRA BLANCA', 5819, 14)","('Cordoba', 25572, 'SIERRA DE ABREGU', 5291, 14)","('Cordoba', 27670, 'VILLA ELISA', 2594, 14)","('Cordoba', 24890, 'VILLA EMILIA', 5900, 14)","('Cordoba', 23239, 'VILLA ESQUIU', 5101, 14)","('Cordoba', 25694, 'VILLA FLOR SERRANA', 5155, 14)","('Cordoba', 16213, 'VILLA FONTANA', 5137, 14)","('Cordoba', 16046, 'VILLA GENERAL BELGRANO', 5194, 14)","('Cordoba', 25308, 'VILLA GENERAL MITRE', 5236, 14)","('Cordoba', 16175, 'VILLA GIARDINO', 5176, 14)","('Cordoba', 25696, 'VILLA GRACIA', 5153, 14)","('Cordoba', 25234, 'VILLA GUTIERREZ', 5212, 14)","('Cordoba', 16089, 'VILLA HUIDOBRO', 6275, 14)","('Cordoba', 25699, 'VILLA INDEPENDENCIA', 5153, 14)","('Cordoba', 16288, 'VILLA LA BOLSA', 5189, 14)","('Cordoba', 22841, 'VILLA LA COBA', 5819, 14)","('Cordoba', 25036, 'VILLA LA RANCHERITA', 5189, 14)","('Cordoba', 22844, 'VILLA LAGO AZUL', 5199, 14)","('Cordoba', 24248, 'VILLA LAS MERCEDES', 5107, 14)","('Cordoba', 24229, 'VILLA LEONOR', 5109, 14)","('Cordoba', 24230, 'VILLA LOS ALTOS', 5111, 14)","('Cordoba', 25046, 'VILLA LOS AROMOS', 5186, 14)","('Cordoba', 24705, 'VILLA LOS LEONES', 5281, 14)","('Cordoba', 22838, 'VILLA EL TORREON', 5199, 14)","('Cordoba', 16287, 'VILLA EL DESCANSO', 5189, 14)","('Cordoba', 22912, 'VILLA EL CORCOVADO', 5199, 14)","('Cordoba', 22590, 'VILLA EL CHACAY', 5801, 14)","('Cordoba', 25029, 'VILLA CIUDAD DE AMERICA', 5189, 14)","('Cordoba', 27690, 'VILLA CIUDAD PQUE LOS REARTES', 5189, 14)","('Cordoba', 24404, 'VILLA CLODOMIRA', 5885, 14)","('Cordoba', 25231, 'VILLA COLIMBA', 5201, 14)","('Cordoba', 16404, 'VILLA CONCEPCION DEL TIO', 2433, 14)","('Cordoba', 23236, 'VILLA CORAZON DE MARIA', 5101, 14)","('Cordoba', 25692, 'VILLA COSTA AZUL', 5153, 14)","('Cordoba', 25703, 'VILLA CUESTA BLANCA', 5153, 14)","('Cordoba', 16238, 'VILLA CURA BROCHERO', 5891, 14)","('Cordoba', 16250, 'VILLA DE LAS ROSAS', 5885, 14)","('Cordoba', 27688, 'VILLA LOS PATOS', 2551, 14)","('Cordoba', 16216, 'VILLA DE MARIA', 5248, 14)","('Cordoba', 16045, 'VILLA DEL DIQUE', 5862, 14)","('Cordoba', 24224, 'VILLA DEL LAGO', 5152, 14)","('Cordoba', 22828, 'VILLA DEL PARQUE', 5864, 14)","('Cordoba', 24889, 'VILLA DEL PARQUE', 5903, 14)","('Cordoba', 16428, 'VILLA DEL PRADO', 5186, 14)","('Cordoba', 16232, 'VILLA DEL ROSARIO', 5963, 14)","('Cordoba', 22834, 'VILLA DEL TALA', 5859, 14)","('Cordoba', 16308, 'VILLA DEL TOTORAL', 5236, 14)","('Cordoba', 24227, 'VILLA DIAZ', 5109, 14)","('Cordoba', 16251, 'VILLA DOLORES', 5870, 14)","('Cordoba', 16081, 'VILLA DE SOTO', 5284, 14)","('Cordoba', 25229, 'VILLA CERRO NEGRO', 5221, 14)","('Cordoba', 23051, 'VILLA MAR CHIQUITA', 5137, 14)","('Cordoba', 26303, 'VILLA MARIA', 5900, 14)","('Cordoba', 25501, 'VILLA TANINGA', 5295, 14)","('Cordoba', 24238, 'VILLA TORTOSA', 5109, 14)","('Cordoba', 16090, 'VILLA VALERIA', 6273, 14)","('Cordoba', 24862, 'VILLA VAUDAGNA', 2435, 14)","('Cordoba', 24864, 'VILLA VIEJA', 2426, 14)","('Cordoba', 16049, 'VILLA YACANTO', 5197, 14)","('Cordoba', 25502, 'VISO', 5295, 14)","('Cordoba', 22878, 'VISTA ALEGRE', 5197, 14)","('Cordoba', 25547, 'VIVERO', 6128, 14)","('Cordoba', 16198, 'WASHINGTON', 6144, 14)","('Cordoba', 24803, 'WATT', 6270, 14)","('Cordoba', 16337, 'WENCESLAO ESCALANTE', 2655, 14)","('Cordoba', 16252, 'YACANTO', 5877, 14)","('Cordoba', 23567, 'YANACATO', 5248, 14)","('Cordoba', 22597, 'YATAY', 5841, 14)","('Cordoba', 16163, 'YCHO CRUZ SIERRAS', 5153, 14)","('Cordoba', 25236, 'YERBA BUENA', 5200, 14)","('Cordoba', 16289, 'YOCSINA', 5101, 14)","('Cordoba', 24672, 'ZAPATA', 5873, 14)","('Cordoba', 22601, 'ZAPOLOCO', 5839, 14)","('Cordoba', 24885, 'SANTA ROSA', 5909, 14)","('Cordoba', 25700, 'VILLA SUIZA ARGENTINA', 5156, 14)","('Cordoba', 22871, 'VILLA SIERRAS DEL LAGO', 5857, 14)","('Cordoba', 25051, 'VILLA SATYTA', 5189, 14)","('Cordoba', 24801, 'VILLA SARMIENTO', 6273, 14)","('Cordoba', 23242, 'VILLA MIREA', 5123, 14)","('Cordoba', 24798, 'VILLA MODERNA', 6275, 14)","('Cordoba', 22850, 'VILLA NATURALEZA', 5864, 14)","('Cordoba', 16106, 'VILLA NUEVA', 5903, 14)","('Cordoba', 16285, 'VILLA PARQUE SANTA ANA', 5101, 14)","('Cordoba', 16176, 'VILLA PARQUE SIQUIMAN', 5152, 14)","('Cordoba', 23246, 'VILLA POSSE', 5123, 14)","('Cordoba', 16112, 'VILLA QUILINO', 5214, 14)","('Cordoba', 22857, 'VILLA QUILLINZO', 5859, 14)","('Cordoba', 24406, 'VILLA RAFAEL BENEGAS', 5885, 14)","('Cordoba', 24232, 'VILLA MARIA', 5220, 14)","('Cordoba', 16177, 'VILLA RIO ICHO CRUZ', 5153, 14)","('Cordoba', 16154, 'VILLA ROSSI', 6128, 14)","('Cordoba', 16047, 'VILLA RUMIPAL', 5864, 14)","('Cordoba', 24860, 'VILLA SAN ESTEBAN', 5947, 14)","('Cordoba', 22865, 'VILLA SAN JAVIER', 5199, 14)","('Cordoba', 24234, 'VILLA SAN MIGUEL', 5111, 14)","('Cordoba', 16425, 'VILLA SANTA CRUZ DEL LAGO', 5152, 14)","('Cordoba', 16427, 'VILLA SANTA MARIA', 5186, 14)","('Cordoba', 22593, 'VILLA SANTA RITA', 5801, 14)","('Cordoba', 26287, 'VILLA SANTA ROSA', 5133, 14)","('Cordoba', 16235, 'VILLA SARMIENTO', 5871, 14)","('Cordoba', 25391, 'VILLA ROSARIO DEL SALADILLO', 5233, 14)","('Cordoba', 24734, 'CAMPO LA LUISA', 2423, 14)","('Cordoba', 16073, 'VILLA CERRO AZUL', 5107, 14)","('Cordoba', 16174, 'VILLA CARLOS PAZ', 5152, 14)","('Cordoba', 16303, 'TANCACHA', 5933, 14)","('Cordoba', 16172, 'TANTI', 5155, 14)","('Cordoba', 25681, 'TANTI LOMAS', 5155, 14)","('Cordoba', 25683, 'TANTI NUEVO', 5155, 14)","('Cordoba', 24398, 'TARUCA PAMPA', 5299, 14)","('Cordoba', 25578, 'TASACUNA', 5284, 14)","('Cordoba', 24399, 'TASMA', 5893, 14)","('Cordoba', 22587, 'TEGUA', 5813, 14)","('Cordoba', 24205, 'TEJEDA', 5125, 14)","('Cordoba', 23740, 'TERCER CUERPO DEL EJERCITO', 5101, 14)","('Cordoba', 22799, 'TERCERA', 5189, 14)","('Cordoba', 16103, 'TICINO', 5927, 14)","('Cordoba', 22802, 'TIGRE MUERTO', 5859, 14)","('Cordoba', 24668, 'TILQUICHO', 5873, 14)","('Cordoba', 27925, 'TIMON CRUZ', 5129, 14)","('Cordoba', 24213, 'TINOCO', 5131, 14)","('Cordoba', 25306, 'TINTIZACO', 5229, 14)","('Cordoba', 16104, 'TIO PUJIO', 5936, 14)","('Cordoba', 25226, 'TODOS LOS SANTOS', 5201, 14)","('Cordoba', 16052, 'TOLEDO', 5123, 14)","('Cordoba', 24796, 'TOMAS ECHENIQUE', 6271, 14)","('Cordoba', 25576, 'TALAINI', 5291, 14)","('Cordoba', 23038, 'TALA SUD', 5127, 14)","('Cordoba', 23034, 'TALA NORTE', 5131, 14)","('Cordoba', 16171, 'TALA HUASI', 5153, 14)","('Cordoba', 25574, 'SIERRA DE LAS PAREDES', 5291, 14)","('Cordoba', 22789, 'SIERRAS MORENAS', 5189, 14)","('Cordoba', 25304, 'SIMBOLAR', 5242, 14)","('Cordoba', 24701, 'SIMBOLAR', 5281, 14)","('Cordoba', 16307, 'SINSACATE', 5220, 14)","('Cordoba', 22791, 'SOCONCHO', 5191, 14)","('Cordoba', 25165, 'SOCORRO', 5209, 14)","('Cordoba', 22795, 'SOLAR LOS MOLINOS', 5189, 14)","('Cordoba', 16170, 'SOLARES DE YCHO CRUZ', 5153, 14)","('Cordoba', 23031, 'SOLEDAD', 5137, 14)","('Cordoba', 24769, 'TORDILLA NORTE', 2435, 14)","('Cordoba', 22582, 'SORIA', 5829, 14)","('Cordoba', 25575, 'SUNCHAL', 5291, 14)","('Cordoba', 25680, 'SUNCHO HUICO', 5184, 14)","('Cordoba', 24664, 'TABANILLO', 5870, 14)","('Cordoba', 24702, 'TABAQUILLO', 5281, 14)","('Cordoba', 23556, 'TACO POZO', 5249, 14)","('Cordoba', 25545, 'TACUREL', 6123, 14)","('Cordoba', 23559, 'TAJAMARES', 5233, 14)","('Cordoba', 25496, 'TALA CAÃ‘ADA', 5297, 14)","('Cordoba', 22797, 'TALA CRUZ', 5859, 14)","('Cordoba', 24703, 'TALA DEL RIO SECO', 5284, 14)","('Cordoba', 22585, 'SUCO', 5837, 14)","('Cordoba', 25027, 'VILLA CARLOS PELLEGRINI', 5186, 14)","('Cordoba', 23041, 'TORDILLA NORTE', 5135, 14)","('Cordoba', 25497, 'TORO MUERTO', 5295, 14)","('Cordoba', 24246, 'VALLE DEL SOL', 5107, 14)","('Cordoba', 22812, 'VALLE DORADO', 5864, 14)","('Cordoba', 16173, 'VALLE HERMOSO', 5168, 14)","('Cordoba', 24222, 'VALLE VERDE', 5115, 14)","('Cordoba', 23564, 'VANGUARDIA', 5246, 14)","('Cordoba', 16336, 'VIAMONTE', 2671, 14)","('Cordoba', 16197, 'VICUÃ‘A MACKENNA', 6140, 14)","('Cordoba', 22816, 'VILLA AGUADA DE LOS REYES', 5857, 14)","('Cordoba', 25686, 'VILLA AHORA', 5166, 14)","('Cordoba', 25228, 'VILLA ALBERTINA', 5221, 14)","('Cordoba', 16072, 'VILLA ALLENDE', 5105, 14)","('Cordoba', 22819, 'VILLA ALPINA', 5194, 14)","('Cordoba', 22823, 'VILLA AMANCAY', 5199, 14)","('Cordoba', 24402, 'VILLA ANGELICA', 5885, 14)","('Cordoba', 16286, 'VILLA ANISACATE', 5189, 14)","('Cordoba', 16304, 'VILLA ASCASUBI', 5935, 14)","('Cordoba', 24888, 'VILLA AURORA', 5900, 14)","('Cordoba', 27669, 'VILLA BERNA', 5194, 14)","('Cordoba', 25688, 'VILLA BUSTOS', 5164, 14)","('Cordoba', 25690, 'VILLA CAEIRO', 5164, 14)","('Cordoba', 23120, 'VILLA CANDELARIA NORTE', 5249, 14)","('Cordoba', 24858, 'VACAS BLANCAS', 5143, 14)","('Cordoba', 22807, 'USINA NUCLEAR EMBALSE', 5859, 14)","('Cordoba', 25684, 'URITORCO', 5184, 14)","('Cordoba', 16071, 'UNQUILLO', 5109, 14)","('Cordoba', 24854, 'TORO PUJIO', 5139, 14)","('Cordoba', 25580, 'TOSNO', 5289, 14)","('Cordoba', 16196, 'TOSQUITA', 6141, 14)","('Cordoba', 25582, 'TOTORA GUASI', 5284, 14)","('Cordoba', 23045, 'TOTORAL', 5229, 14)","('Cordoba', 25389, 'TOTORALEJOS', 5216, 14)","('Cordoba', 25584, 'TOTORITAS', 5291, 14)","('Cordoba', 25167, 'TOTRILLA', 5201, 14)","('Cordoba', 16407, 'TRANSITO', 2436, 14)","('Cordoba', 24704, 'TRES ARBOLES', 5285, 14)","('Cordoba', 25227, 'TORO MUERTO', 5200, 14)","('Cordoba', 25498, 'TRES CHAÃ‘ARES', 5295, 14)","('Cordoba', 25586, 'TRES LOMAS', 5291, 14)","('Cordoba', 24158, 'TRES POZOS', 5972, 14)","('Cordoba', 24857, 'TRINCHERA', 5909, 14)","('Cordoba', 23315, 'TRISTAN NARVAJA', 5149, 14)","('Cordoba', 24218, 'TRONCO POZO', 5223, 14)","('Cordoba', 16426, 'TUCLAME', 5284, 14)","('Cordoba', 16315, 'TULUMBA', 5203, 14)","('Cordoba', 25395, 'TUSCAL', 5216, 14)","('Cordoba', 16124, 'UCACHA', 2677, 14)","('Cordoba', 16044, 'UNIDAD TURISTICA EMBALSE', 5857, 14)","('Cordoba', 25585, 'TRES ESQUINAS', 5291, 14)","('Cordoba', 25239, 'CAMPO LA PIEDRA', 5221, 14)","('Cordoba', 25676, 'SANTA ROSA HUERTA GRANDE', 5174, 14)","('Cordoba', 25182, 'CAMPO ROSSIANO', 5987, 14)","('Cordoba', 24917, 'CRUZ MOJADA', 5212, 14)","('Cordoba', 25249, 'CRUZ DEL QUEMADO', 5221, 14)","('Cordoba', 16074, 'CRUZ DEL EJE', 5280, 14)","('Cordoba', 16239, 'CRUZ DE CAÃ‘A', 5875, 14)","('Cordoba', 27666, 'CRUZ DE CAÃ‘A', 5287, 14)","('Cordoba', 16160, 'CRUZ CHICA', 5178, 14)","('Cordoba', 16133, 'CRUZ ALTA', 2189, 14)","('Cordoba', 24804, 'CRISTINA', 2424, 14)","('Cordoba', 24802, 'COTAGAITA', 2419, 14)","('Cordoba', 16221, 'COSTA SACATE', 5961, 14)","('Cordoba', 22174, 'COSTA DEL TAMBO', 5801, 14)","('Cordoba', 24757, 'COSTA DEL RIO QUINTO', 6271, 14)","('Cordoba', 22715, 'COSTA DEL CASTAÃ‘O', 5137, 14)","('Cordoba', 23782, 'COSTA ALEGRE', 5963, 14)","('Cordoba', 16159, 'COSQUIN', 5166, 14)","('Cordoba', 25390, 'CORTADERAS', 2661, 14)","('Cordoba', 24582, 'CORRALITO SAN JAVIER', 5879, 14)","('Cordoba', 16293, 'CORRALITO', 5853, 14)","('Cordoba', 23161, 'CORRAL VIEJO', 5246, 14)","('Cordoba', 23157, 'CORRAL DEL REY', 5249, 14)","('Cordoba', 25446, 'CORRAL DEL BAJO', 5913, 14)","('Cordoba', 25448, 'CUATRO CAMINOS', 2551, 14)","('Cordoba', 24800, 'CORRAL DE MULAS', 5945, 14)","('Cordoba', 25719, 'CUATRO VIENTOS', 5801, 14)","('Cordoba', 25608, 'CUCHILLO YACO', 5295, 14)","('Cordoba', 25250, 'DOCTOR NICASIO SALAS OROÃ‘O', 5221, 14)","('Cordoba', 25596, 'DIQUE SAN ROQUE', 5149, 14)","('Cordoba', 24941, 'DIQUE LOS MOLINOS', 5192, 14)","('Cordoba', 25594, 'DIQUE LAS VAQUERIAS', 5168, 14)","('Cordoba', 24583, 'DIQUE LA VIÃ‘A', 5885, 14)","('Cordoba', 27829, 'DIQUE CHICO', 5189, 14)","('Cordoba', 24674, 'DIEZ RIOS', 5875, 14)","('Cordoba', 16202, 'DIEGO DE ROJAS', 5135, 14)","('Cordoba', 16263, 'DEVOTO', 2424, 14)","('Cordoba', 25407, 'DESVIO KILOMETRO 57', 2625, 14)","('Cordoba', 27681, 'DESVIO EL VOLCAN', 5299, 14)","('Cordoba', 22735, 'DESVIO CHALACEA', 5229, 14)","('Cordoba', 16277, 'DESPEÃ‘ADEROS', 5121, 14)","('Cordoba', 24397, 'DESAGUADERO', 5284, 14)","('Cordoba', 25270, 'DEMARCHI', 2684, 14)","('Cordoba', 16082, 'DEL CAMPILLO', 6271, 14)","('Cordoba', 16108, 'DEAN FUNES', 5200, 14)","('Cordoba', 24758, 'DE LA SERNA', 6271, 14)","('Cordoba', 16294, 'DALMACIO VELEZ SARSFIELD', 5919, 14)","('Cordoba', 25521, 'CURAPALIGUE', 6120, 14)","('Cordoba', 16161, 'CUESTA BLANCA', 5153, 14)","('Cordoba', 25592, 'CUCHILLA NEVADA', 5155, 14)","('Cordoba', 24799, 'CORRAL DE GUARDIA', 5940, 14)","('Cordoba', 24797, 'CORRAL DE GOMEZ', 5139, 14)","('Cordoba', 22714, 'CORRAL DE GOMEZ', 5135, 14)","('Cordoba', 25269, 'COLONIA VALLE GRANDE', 6121, 14)","('Cordoba', 24794, 'COLONIA UDINE', 2417, 14)","('Cordoba', 24792, 'COLONIA TORO PUJIO', 5139, 14)","('Cordoba', 23716, 'COLONIA TIROLESA', 5101, 14)","('Cordoba', 24789, 'COLONIA TACURALES', 2421, 14)","('Cordoba', 16095, 'COLONIA SILVIO PELLICO', 5907, 14)","('Cordoba', 24865, 'COLONIA SANTA RITA', 5936, 14)","('Cordoba', 24787, 'COLONIA SANTA RITA', 2411, 14)","('Cordoba', 25268, 'COLONIA SANTA PAULA', 5805, 14)","('Cordoba', 24785, 'COLONIA SANTA MARIA', 2423, 14)","('Cordoba', 25188, 'COLONIA SANTA MARGARITA', 5933, 14)","('Cordoba', 24937, 'COLONIA SANTA CATALINA', 5851, 14)","('Cordoba', 25519, 'COLONIA SANTA ANA', 6123, 14)","('Cordoba', 24868, 'COLONIA SAN RAFAEL', 2433, 14)","('Cordoba', 24783, 'COLONIA SAN PEDRO', 2421, 14)","('Cordoba', 24936, 'COLONIA SAN ISIDRO', 5189, 14)","('Cordoba', 22710, 'COLONIA SAN IGNACIO', 5189, 14)","('Cordoba', 16260, 'COLONIA SAN BARTOLOME', 2426, 14)","('Cordoba', 22708, 'COLONIA SAGRADA FAMILIA', 5125, 14)","('Cordoba', 16259, 'COLONIA PROSPERIDAD', 2423, 14)","('Cordoba', 25386, 'COLONIA PROGRESO', 2645, 14)","('Cordoba', 16261, 'COLONIA VALTELINA', 2413, 14)","('Cordoba', 25388, 'COLONIA VEINTICINCO', 2592, 14)","('Cordoba', 23728, 'COLONIA VICENTE AGUERO', 5221, 14)","('Cordoba', 23778, 'COLONIA VIDELA', 5865, 14)","('Cordoba', 24673, 'CORRAL DE CABALLOS', 5870, 14)","('Cordoba', 16132, 'CORRAL DE BUSTOS', 2645, 14)","('Cordoba', 25248, 'CORRAL DE BARRANCA', 5221, 14)","('Cordoba', 16185, 'CORONEL MOLDES', 5847, 14)","('Cordoba', 16184, 'CORONEL BAIGORRIA', 5811, 14)","('Cordoba', 24915, 'CORITO', 5200, 14)","('Cordoba', 24914, 'CORIMAYO', 5184, 14)","('Cordoba', 26120, 'CORDOBA', 5000, 14)","('Cordoba', 25591, 'COPINA', 5153, 14)","('Cordoba', 25089, 'COPACABANA', 5201, 14)","('Cordoba', 23746, 'DOLORES NUÃ‘EZ DEL PRADO', 5131, 14)","('Cordoba', 22713, 'CONSTITUCION', 5125, 14)","('Cordoba', 24245, 'CONDOR HUASI', 5871, 14)","('Cordoba', 24243, 'CONCEPCION', 5871, 14)","('Cordoba', 24241, 'COMECHINGONES', 5153, 14)","('Cordoba', 16201, 'COMECHINGONES', 5129, 14)","('Cordoba', 24580, 'COME TIERRA', 5875, 14)","('Cordoba', 23733, 'COLUMBO', 5220, 14)","('Cordoba', 24795, 'COLONIAS', 2436, 14)","('Cordoba', 24866, 'COLONIA YUCAT SUD', 5917, 14)","('Cordoba', 22712, 'COLONIA YARETA', 5137, 14)","('Cordoba', 16262, 'COLONIA VIGNAUD', 2419, 14)","('Cordoba', 24581, 'CONLARA', 5873, 14)","('Cordoba', 25597, 'DOLORES SAN ESTEBAN', 5182, 14)","('Cordoba', 25599, 'DOMINGO FUNES', 5164, 14)","('Cordoba', 22662, 'DOS ARROYOS', 5189, 14)","('Cordoba', 16265, 'EL FORTIN', 5951, 14)","('Cordoba', 24820, 'EL FLORIDA', 2432, 14)","('Cordoba', 25455, 'EL FLORENTINO', 5951, 14)","('Cordoba', 24929, 'EL ESTANQUE', 5212, 14)","('Cordoba', 23753, 'EL ESPINILLO', 5131, 14)","('Cordoba', 25726, 'EL ESPINILLAL', 5813, 14)","('Cordoba', 22749, 'EL ESPINAL', 5133, 14)","('Cordoba', 25507, 'EL DURAZNO', 5293, 14)","('Cordoba', 23188, 'EL DURAZNO', 5249, 14)","('Cordoba', 25326, 'EL DURAZNO', 5231, 14)","('Cordoba', 25609, 'EL DURAZNO', 5155, 14)","('Cordoba', 25725, 'EL DURAZNITO', 5801, 14)","('Cordoba', 25453, 'EL DORADO', 2651, 14)","('Cordoba', 24927, 'EL DIVISADERO', 5212, 14)","('Cordoba', 16059, 'EL DIQUECITO', 5151, 14)","('Cordoba', 25325, 'EL DESMONTE', 5205, 14)","('Cordoba', 27647, 'EL DESCANSO', 2434, 14)","('Cordoba', 25607, 'EL CUADRADO', 5172, 14)","('Cordoba', 22746, 'EL CRISPIN', 5129, 14)","('Cordoba', 25310, 'EL CRESTON DE PIEDRA', 5236, 14)","('Cordoba', 24257, 'EL CORTE', 5889, 14)","('Cordoba', 24405, 'EL FRANCES', 5282, 14)","('Cordoba', 22679, 'CAMPO RAMALLO', 5225, 14)","('Cordoba', 23192, 'EL GABINO', 5248, 14)","('Cordoba', 23194, 'EL GALLEGO', 5249, 14)","('Cordoba', 25328, 'EL OJO DE AGUA', 5203, 14)","('Cordoba', 23123, 'EL OCHENTA', 5123, 14)","('Cordoba', 24761, 'EL NOY', 6127, 14)","('Cordoba', 25508, 'EL MOYANO', 5272, 14)","('Cordoba', 23755, 'EL MOLINO', 5220, 14)","('Cordoba', 24939, 'EL MOLINO', 5214, 14)","('Cordoba', 24935, 'EL MOJONCITO', 5218, 14)","('Cordoba', 24258, 'EL MIRADOR', 5891, 14)","('Cordoba', 27672, 'EL MEDANITO', 5871, 14)","('Cordoba', 16060, 'EL MANZANO', 5107, 14)","('Cordoba', 23186, 'EL CORO', 5248, 14)","('Cordoba', 23206, 'EL MANGRULLO', 5249, 14)","('Cordoba', 22669, 'EL MANANTIAL', 5819, 14)","('Cordoba', 23202, 'EL LAUREL', 5248, 14)","('Cordoba', 24808, 'EL JUMIAL', 5947, 14)","('Cordoba', 24933, 'EL JUME', 5218, 14)","('Cordoba', 23200, 'EL JORDAN', 5248, 14)","('Cordoba', 24931, 'EL IALITA', 5212, 14)","('Cordoba', 25327, 'EL GUINDO', 5244, 14)","('Cordoba', 23198, 'EL GUANACO', 5231, 14)","('Cordoba', 24407, 'EL GUAICO', 5285, 14)","('Cordoba', 23754, 'EL GATEADO', 5101, 14)","('Cordoba', 24589, 'EL MANANTIAL', 5873, 14)","('Cordoba', 24782, 'COLONIA PRODAMONTE', 2413, 14)","('Cordoba', 24926, 'EL CORO', 5212, 14)","('Cordoba', 23121, 'EL CHINGOLO', 5145, 14)","('Cordoba', 24585, 'EL BALDECITO', 5870, 14)","('Cordoba', 25766, 'EL BALDECITO', 5182, 14)","('Cordoba', 24255, 'EL BAJO', 5889, 14)","('Cordoba', 22737, 'EL BAGUAL', 5137, 14)","('Cordoba', 24760, 'EL ARBOL', 6127, 14)","('Cordoba', 16264, 'EL ARAÃ‘ADO', 5947, 14)","('Cordoba', 24252, 'EL ALTO', 5887, 14)","('Cordoba', 24584, 'EL ALTO', 5885, 14)","('Cordoba', 23750, 'EL ALGODONAL', 5107, 14)","('Cordoba', 24919, 'EL ALGARROBO', 5221, 14)","('Cordoba', 23165, 'EL ALGARROBAL', 5249, 14)","('Cordoba', 24251, 'EL ALGADOBAL', 5885, 14)","('Cordoba', 22736, 'EL ALCALDE', 5131, 14)","('Cordoba', 25603, 'EL AGUILA BLANCA', 5184, 14)","('Cordoba', 25323, 'DURAZNO', 5244, 14)","('Cordoba', 16058, 'DUMESNIL', 5149, 14)","('Cordoba', 24943, 'DUARTE QUIROS', 5119, 14)","('Cordoba', 24805, 'DOS ROSAS', 2349, 14)","('Cordoba', 24247, 'DOS RIOS', 5297, 14)","('Cordoba', 25602, 'DOS RIOS', 5155, 14)","('Cordoba', 25720, 'DOS LAGUNAS', 5813, 14)","('Cordoba', 24922, 'EL BAÃ‘ADO', 5214, 14)","('Cordoba', 27686, 'EL BAÃ‘ADO', 5244, 14)","('Cordoba', 23182, 'EL BAÃ‘ADO', 5248, 14)","('Cordoba', 25722, 'EL BAÃ‘ADO', 5801, 14)","('Cordoba', 24924, 'EL CHANCHITO', 5218, 14)","('Cordoba', 25506, 'EL CHACHO', 5272, 14)","('Cordoba', 24587, 'EL CERRO', 5875, 14)","('Cordoba', 25324, 'EL CERRITO', 5205, 14)","('Cordoba', 25092, 'EL CARRIZAL CHUÃ‘AHUASI', 5201, 14)","('Cordoba', 23786, 'EL CARRIZAL', 5963, 14)","('Cordoba', 25611, 'EL CARRIZAL', 5299, 14)","('Cordoba', 25605, 'EL CARRIZAL', 5282, 14)","('Cordoba', 22740, 'EL CARRIZAL', 5135, 14)","('Cordoba', 23790, 'EL CARRILITO', 5963, 14)","('Cordoba', 25724, 'EL CHIQUILLAN', 5813, 14)","('Cordoba', 23119, 'EL CARMEN GUIÃ‘AZU', 5145, 14)","('Cordoba', 25451, 'EL CARMEN', 2550, 14)","('Cordoba', 24403, 'EL CARACOL', 5284, 14)","('Cordoba', 25723, 'EL CANO', 5821, 14)","('Cordoba', 24401, 'EL CALLEJON', 5172, 14)","('Cordoba', 16075, 'EL BRETE', 5281, 14)","('Cordoba', 25251, 'EL BOSQUE', 5229, 14)","('Cordoba', 24256, 'EL BORDO', 5871, 14)","('Cordoba', 24400, 'EL BARRIAL', 5285, 14)","('Cordoba', 25721, 'EL BARREAL', 5813, 14)","('Cordoba', 25505, 'EL BARREAL', 5270, 14)","('Cordoba', 22667, 'EL CARMEN', 5197, 14)","('Cordoba', 25718, 'COLONIA PASO CARRIL', 5801, 14)","('Cordoba', 24807, 'EL FUERTECITO', 2428, 14)","('Cordoba', 25717, 'COLONIA ORCOVI', 5841, 14)","('Cordoba', 25604, 'CASA BLANCA', 5299, 14)","('Cordoba', 23709, 'CASA BAMBA', 5151, 14)","('Cordoba', 24576, 'CARTABEROL', 5871, 14)","('Cordoba', 24226, 'CARRIZAL', 5299, 14)","('Cordoba', 24386, 'CARRIZAL', 5285, 14)","('Cordoba', 16219, 'CARRILOBO', 5915, 14)","('Cordoba', 23706, 'CAROYA', 5223, 14)","('Cordoba', 23129, 'CARNERO YACO', 5246, 14)","('Cordoba', 16115, 'CARNERILLO', 5805, 14)","('Cordoba', 24861, 'CARLOMAGNO', 5925, 14)","('Cordoba', 22615, 'CARAHUASI', 5196, 14)","('Cordoba', 24736, 'CAPILLA SANTA ROSA', 2415, 14)","('Cordoba', 24859, 'CAPILLA SAN ANTONIO DE YUCAT', 5936, 14)","('Cordoba', 24735, 'CAPILLA SAN ANTONIO', 2432, 14)","('Cordoba', 22696, 'CAPILLA LA ESPERANZA', 5129, 14)","('Cordoba', 16157, 'CAPILLA DEL MONTE', 5184, 14)","('Cordoba', 23774, 'CAPILLA DEL CARMEN', 5963, 14)","('Cordoba', 25710, 'CAPILLA DE TEGUA', 5813, 14)","('Cordoba', 25244, 'CAPILLA DE SITON', 5231, 14)","('Cordoba', 25425, 'CAPILLA DE SAN ANTONIO', 2559, 14)","('Cordoba', 24575, 'CAPILLA DE ROMERO', 5873, 14)","('Cordoba', 24228, 'CASA DE PIEDRA', 5891, 14)","('Cordoba', 16158, 'CASA GRANDE', 5162, 14)","('Cordoba', 25579, 'CASA NUEVA', 5155, 14)","('Cordoba', 25581, 'CASA SERRANA HUERTA GRANDE', 5175, 14)","('Cordoba', 24393, 'CHACRAS DEL POTRERO', 5284, 14)","('Cordoba', 24390, 'CHACRAS', 5284, 14)","('Cordoba', 25588, 'CHACHA DEL REY', 5282, 14)","('Cordoba', 22621, 'CERROS ASPEROS', 5859, 14)","('Cordoba', 22619, 'CERRO SAN LORENZO', 5821, 14)","('Cordoba', 24233, 'CERRO NEGRO', 5297, 14)","('Cordoba', 24911, 'CERRO NEGRO', 5221, 14)","('Cordoba', 24908, 'CERRO DE LA CRUZ', 5200, 14)","('Cordoba', 22618, 'CERRO COLORADO', 5821, 14)","('Cordoba', 16309, 'CERRO COLORADO', 5244, 14)","('Cordoba', 16199, 'CAPILLA DE LOS REMEDIOS', 5101, 14)","('Cordoba', 25500, 'CERRO BOLA', 5293, 14)","('Cordoba', 24863, 'CAYUQUEO', 5901, 14)","('Cordoba', 16130, 'CAVANAGH', 2625, 14)","('Cordoba', 22697, 'CASTELLANOS', 5135, 14)","('Cordoba', 25587, 'CASSAFFOUSTH ESTACION FCGB', 5149, 14)","('Cordoba', 25169, 'CASPICUCHANA', 5209, 14)","('Cordoba', 25083, 'CASPICHUMA', 5209, 14)","('Cordoba', 25583, 'CASCADAS', 5178, 14)","('Cordoba', 24389, 'CASAS VIEJAS', 5285, 14)","('Cordoba', 25245, 'CASAS VIEJAS', 5236, 14)","('Cordoba', 23133, 'CASAS VEJAS', 5246, 14)","('Cordoba', 22617, 'CERRO BLANCO', 5191, 14)","('Cordoba', 25085, 'CHACRAS DEL SAUCE', 5244, 14)","('Cordoba', 22691, 'CAPILLA DE DOLORES', 5125, 14)","('Cordoba', 16129, 'CAP GRAL BERNARDO O HIGGINS', 2645, 14)","('Cordoba', 24221, 'CAÃ‘ADA DEL PUERTO', 5297, 14)","('Cordoba', 22610, 'CAÃ‘ADA DEL DURAZNO', 5196, 14)","('Cordoba', 25601, 'CAÃ‘ADA DE SALAS', 5299, 14)","('Cordoba', 25241, 'CAÃ‘ADA DE RIO PINTO', 5221, 14)","('Cordoba', 25600, 'CAÃ‘ADA DE POCHO', 5299, 14)","('Cordoba', 24900, 'CAÃ‘ADA DE MAYO', 5218, 14)","('Cordoba', 24899, 'CAÃ‘ADA DE MATEO', 5221, 14)","('Cordoba', 23771, 'CAÃ‘ADA DE MACHADO SUD', 5963, 14)","('Cordoba', 16305, 'CAÃ‘ADA DE LUQUE', 5229, 14)","('Cordoba', 25499, 'CAÃ‘ADA DE LAS GATIADAS', 5291, 14)","('Cordoba', 22609, 'CAÃ‘ADA DE LAS CHACRAS', 5199, 14)","('Cordoba', 25240, 'CAÃ‘ADA DE JUME', 5221, 14)","('Cordoba', 22685, 'CAÃ‘ADA DE CUEVAS', 5101, 14)","('Cordoba', 23118, 'CAÃ‘ADA DE CORIA', 5249, 14)","('Cordoba', 22605, 'CAÃ‘ADA DE ALVAREZ', 5819, 14)","('Cordoba', 22683, 'CAÃ‘ADA ANCHA SANTA ROSA', 5135, 14)","('Cordoba', 23117, 'CAÃ‘A CRUZ', 5248, 14)","('Cordoba', 25423, 'CAMPO SOL DE MAYO', 2679, 14)","('Cordoba', 24748, 'CAMPO SAN JUAN', 6271, 14)","('Cordoba', 24780, 'COLONIA PALO LABRADO', 2415, 14)","('Cordoba', 22603, 'CAMPO SAN ANTONIO', 5821, 14)","('Cordoba', 22612, 'CAÃ‘ADA DEL SAUCE', 5817, 14)","('Cordoba', 25238, 'CAÃ‘ADA DEL SIMBOL', 5200, 14)","('Cordoba', 25081, 'CAÃ‘ADA DEL TALA', 5244, 14)","('Cordoba', 22613, 'CAÃ‘ADA DEL TALA', 5859, 14)","('Cordoba', 24378, 'CANTERAS QUILPO', 5281, 14)","('Cordoba', 25243, 'CANTERAS LOS MORALES', 5238, 14)","('Cordoba', 23705, 'CANTERAS LA CALERA', 5151, 14)","('Cordoba', 24907, 'CANTERAS KILOMETRO 428', 5200, 14)","('Cordoba', 24381, 'CANTERAS IGUAZU', 5285, 14)","('Cordoba', 16056, 'CANTERAS EL SAUCE', 5107, 14)","('Cordoba', 23698, 'CANTERAS EL MANZANO', 5107, 14)","('Cordoba', 24928, 'CANTERAS ALTA GRACIA', 5186, 14)","('Cordoba', 24904, 'CANTERA LOS VIERAS', 5212, 14)","('Cordoba', 23693, 'CANDONGA', 5111, 14)","('Cordoba', 24930, 'CAPILLA DE COSME', 5101, 14)","('Cordoba', 25242, 'CANDELARIA SUD', 5221, 14)","('Cordoba', 16321, 'CANALS', 2650, 14)","('Cordoba', 25577, 'CAÃ‘ADON DE LOS MOGOTES', 5184, 14)","('Cordoba', 24903, 'CAÃ‘ADAS HONDAS', 5221, 14)","('Cordoba', 24750, 'CAÃ‘ADA VERDE', 6275, 14)","('Cordoba', 23688, 'CAÃ‘ADA SAN ANTONIO', 5131, 14)","('Cordoba', 24225, 'CAÃ‘ADA LARGA', 5889, 14)","('Cordoba', 24376, 'CAÃ‘ADA HONDA', 5280, 14)","('Cordoba', 22689, 'CAÃ‘ADA HONDA', 5227, 14)","('Cordoba', 24223, 'CAÃ‘ADA GRANDE', 5891, 14)","('Cordoba', 24574, 'CAÃ‘ADA GRANDE', 5873, 14)","('Cordoba', 24384, 'CANDELARIA', 5287, 14)","('Cordoba', 25246, 'CHACRAS VIEJAS', 5242, 14)","('Cordoba', 22688, 'CAÃ‘ADA DE MACHADO', 5961, 14)","('Cordoba', 22700, 'CHALACEA', 5229, 14)","('Cordoba', 22649, 'COLONIA LA CALLE', 5196, 14)","('Cordoba', 25712, 'COLONIA LA ARGENTINA', 6140, 14)","('Cordoba', 22704, 'COLONIA LA ARGENTINA', 5137, 14)","('Cordoba', 24765, 'COLONIA ITURRASPE', 2413, 14)","('Cordoba', 16131, 'COLONIA ITALIANA', 2645, 14)","('Cordoba', 23712, 'COLONIA HOLANDESA', 5131, 14)","('Cordoba', 25185, 'COLONIA HAMBURGO', 5933, 14)","('Cordoba', 24762, 'COLONIA GORCHS', 2415, 14)","('Cordoba', 24763, 'COLONIA GENERAL DEHEZA', 5945, 14)","('Cordoba', 25184, 'COLONIA GARZON', 5987, 14)","('Cordoba', 24759, 'COLONIA EUGENIA', 2413, 14)","('Cordoba', 24756, 'COLONIA EL TRABAJO', 2424, 14)","('Cordoba', 24755, 'COLONIA EL MILAGRO', 2424, 14)","('Cordoba', 16200, 'COLONIA EL FORTIN', 5133, 14)","('Cordoba', 25373, 'COLONIA EL CHAJA', 2594, 14)","('Cordoba', 25714, 'COLONIA EL CARMEN PARAJE', 5801, 14)","('Cordoba', 24752, 'COLONIA DOS HERMANOS', 2421, 14)","('Cordoba', 24754, 'COLONIA DOROTEA', 6270, 14)","('Cordoba', 25263, 'COLONIA DOLORES', 5809, 14)","('Cordoba', 24751, 'COLONIA DEL BANCO NACION', 2428, 14)","('Cordoba', 25713, 'COLONIA DEAN FUNES', 5847, 14)","('Cordoba', 25715, 'COLONIA LA CARMENSITA', 6141, 14)","('Cordoba', 25716, 'COLONIA LA CELESTINA', 5847, 14)","('Cordoba', 25429, 'COLONIA LA LEONCITA', 2559, 14)","('Cordoba', 25431, 'COLONIA LA LOLA', 2650, 14)","('Cordoba', 24579, 'COLONIA MONTES NEGROS', 5875, 14)","('Cordoba', 16183, 'CHAJAN', 5837, 14)","('Cordoba', 24779, 'COLONIA NUEVO PIAMONTE', 2415, 14)","('Cordoba', 24777, 'COLONIA MILESSI', 2349, 14)","('Cordoba', 24775, 'COLONIA MAUNIER', 2349, 14)","('Cordoba', 25445, 'COLONIA MASCHI', 2559, 14)","('Cordoba', 16258, 'COLONIA MARINA', 2424, 14)","('Cordoba', 25265, 'COLONIA MAIPU', 2684, 14)","('Cordoba', 25383, 'COLONIA LOS VASCOS', 2189, 14)","('Cordoba', 25381, 'COLONIA LEDESMA', 2662, 14)","('Cordoba', 24749, 'COLONIA CRISTINA', 2424, 14)","('Cordoba', 24773, 'COLONIA LAVARELLO', 2415, 14)","('Cordoba', 22707, 'COLONIA LAS CUATRO ESQUINAS', 5135, 14)","('Cordoba', 24770, 'COLONIA LA TRINCHERA', 2417, 14)","('Cordoba', 16367, 'COLONIA LA TORDILLA', 2435, 14)","('Cordoba', 25517, 'COLONIA LA PROVIDENCIA', 6134, 14)","('Cordoba', 25186, 'COLONIA LA PRIMAVERA', 5933, 14)","('Cordoba', 25487, 'COLONIA LA PIEDRA', 5801, 14)","('Cordoba', 25379, 'COLONIA LA PALESTINA', 2645, 14)","('Cordoba', 25375, 'COLONIA LA MURIUCHA', 2580, 14)","('Cordoba', 24767, 'COLONIA LA MOROCHA', 2423, 14)","('Cordoba', 25515, 'COLONIA LA MAGDALENA DE ORO', 6132, 14)","('Cordoba', 27924, 'COLONIA LAS PICHANAS', 2433, 14)","('Cordoba', 24747, 'COLONIA COYUNDA', 2435, 14)","('Cordoba', 25187, 'COLONIA LUQUE', 5850, 14)","('Cordoba', 24745, 'COLONIA CORTADERA', 2436, 14)","('Cordoba', 25322, 'CHURQUI CAÃ‘ADA', 5246, 14)","('Cordoba', 25087, 'CHUÃ‘A HUASI', 5201, 14)","('Cordoba', 16107, 'CHUÃ‘A', 5218, 14)","('Cordoba', 16517, 'CHUCUL', 5805, 14)","('Cordoba', 24578, 'CHUCHIRAS', 5875, 14)","('Cordoba', 24235, 'CHUA', 5871, 14)","('Cordoba', 25321, 'CHIPITIN', 5244, 14)","('Cordoba', 23150, 'CHILLI CORRAL', 5246, 14)","('Cordoba', 16322, 'CHILIBROSTE', 2561, 14)","('Cordoba', 23146, 'CHILE CORRAL AL AGUADA', 5246, 14)","('Cordoba', 16094, 'CHAZON', 2675, 14)","('Cordoba', 16116, 'CHARRAS', 5807, 14)","('Cordoba', 22699, 'CHARCAS NORTE', 5127, 14)","('Cordoba', 25589, 'CHARBONIER', 5282, 14)","('Cordoba', 24395, 'CHARACATO', 5287, 14)","('Cordoba', 24642, 'CHANCANI', 5871, 14)","('Cordoba', 25711, 'CHAÃ‘ARITOS', 5829, 14)","('Cordoba', 25606, 'CHAMICO', 5299, 14)","('Cordoba', 25503, 'CHAÃ‘ARIACO', 5291, 14)","('Cordoba', 24934, 'COLONIA COSME SUD', 5101, 14)","('Cordoba', 23138, 'CHAÃ‘AR VIEJO', 5246, 14)","('Cordoba', 24237, 'CIENAGA DE ALLENDE', 5891, 14)","('Cordoba', 27667, 'CIENAGA DE BRITOS', 5297, 14)","('Cordoba', 24577, 'CHAQUINCHUNA', 5870, 14)","('Cordoba', 16323, 'CINTRA', 2559, 14)","('Cordoba', 25504, 'CIENAGA DEL CORO', 5289, 14)","('Cordoba', 25370, 'COLONIA CALCHAQUI', 2580, 14)","('Cordoba', 22702, 'COLONIA CAÃ‘ADON', 5137, 14)","('Cordoba', 24742, 'COLONIA BOTTURI', 2419, 14)","('Cordoba', 24753, 'COLONIA BOERO', 6270, 14)","('Cordoba', 16324, 'COLONIA BISMARCK', 2651, 14)","('Cordoba', 24744, 'COLONIA CEFERINA', 2415, 14)","('Cordoba', 24740, 'COLONIA BEIRO', 2421, 14)","('Cordoba', 25367, 'COLONIA BARGE', 2659, 14)","('Cordoba', 25590, 'COLONIA BANCO PCIA BS AS', 5155, 14)","('Cordoba', 25366, 'COLONIA BALLESTEROS', 2662, 14)","('Cordoba', 25427, 'COLONIA BREMEN', 2651, 14)","('Cordoba', 22656, 'CNIA VACACIONES DE EMPLEADO', 5857, 14)","('Cordoba', 23043, 'CNIA HOGAR VELEZ SARSFIELD', 5119, 14)","('Cordoba', 24739, 'COLONIA ARROYO DE ALVAREZ', 2436, 14)","('Cordoba', 16220, 'COLAZO', 5965, 14)","('Cordoba', 27638, 'COLONIA 10 DE JULIO', 2349, 14)","('Cordoba', 16057, 'COLONIA CAROYA', 5223, 14)","('Cordoba', 22633, 'COLONIA ALEMANA', 5196, 14)","('Cordoba', 25183, 'COLONIA ALMADA', 5987, 14)","('Cordoba', 24737, 'COLONIA ANGELITA', 5941, 14)","('Cordoba', 25363, 'COLONIA 25 LOS SURGENTES', 2581, 14)","('Cordoba', 24738, 'COLONIA ANITA', 2413, 14)"
